Tree 0
Points: [[55, 15, 3, 88, 85], [28, 58, 85, 78, 65], [76, 11, 25, 11, 90], [34, 1, 16, 1, 16], [33, 33, 44, 40, 72], [77, 83, 32, 23, 68], [31, 22, 64, 31, 79], [83, 15, 51, 12, 45], [10, 80, 70, 21, 94], [67, 80, 64, 1, 50], [96, 82, 82, 57, 22], [15, 15, 28, 71, 27], [88, 57, 58, 88, 76], [13, 18, 78, 78, 20], [71, 55, 44, 91, 44], [15, 87, 75, 77, 29]]
Traversal: [[55, 15, 3, 88, 85], [33, 33, 44, 40, 72], [31, 22, 64, 31, 79], [15, 15, 28, 71, 27], [34, 1, 16, 1, 16], [13, 18, 78, 78, 20], [15, 87, 75, 77, 29], [10, 80, 70, 21, 94], [28, 58, 85, 78, 65], [88, 57, 58, 88, 76], [71, 55, 44, 91, 44], [76, 11, 25, 11, 90], [83, 15, 51, 12, 45], [67, 80, 64, 1, 50], [77, 83, 32, 23, 68], [96, 82, 82, 57, 22]]
Tree 1
Points: [[4, 28, 65, 49, 49], [87, 57, 80, 41, 90], [66, 47, 17, 20, 38], [64, 6, 22, 79, 74], [34, 40, 38, 21, 34], [32, 42, 44, 99, 41], [27, 48, 10, 68, 17], [3, 94, 87, 29, 30], [75, 66, 93, 60, 7], [51, 73, 87, 64, 17], [40, 21, 94, 26, 15], [17, 10, 17, 3, 73], [29, 67, 71, 80, 98], [4, 61, 90, 6, 32], [81, 37, 27, 51, 78], [59, 86, 95, 8, 56], [29, 28, 95, 34, 58]]
Traversal: [[34, 40, 38, 21, 34], [27, 48, 10, 68, 17], [4, 28, 65, 49, 49], [32, 42, 44, 99, 41], [17, 10, 17, 3, 73], [29, 28, 95, 34, 58], [3, 94, 87, 29, 30], [29, 67, 71, 80, 98], [4, 61, 90, 6, 32], [87, 57, 80, 41, 90], [81, 37, 27, 51, 78], [64, 6, 22, 79, 74], [66, 47, 17, 20, 38], [40, 21, 94, 26, 15], [75, 66, 93, 60, 7], [51, 73, 87, 64, 17], [59, 86, 95, 8, 56]]
Tree 2
Points: [[92, 16, 72, 59, 7], [12, 32, 84, 75, 93], [40, 0, 84, 92, 77], [37, 47, 61, 50, 68], [76, 57, 4, 36, 80], [82, 37, 94, 35, 48], [0, 49, 57, 9, 50], [97, 48, 12, 70, 36], [99, 36, 30, 19, 38], [44, 35, 14, 29, 51], [60, 81, 67, 29, 27], [3, 33, 51, 27, 56], [21, 39, 74, 29, 29], [61, 58, 24, 16, 64], [98, 13, 1, 2, 66], [19, 76, 30, 39, 85]]
Traversal: [[60, 81, 67, 29, 27], [21, 39, 74, 29, 29], [40, 0, 84, 92, 77], [44, 35, 14, 29, 51], [3, 33, 51, 27, 56], [12, 32, 84, 75, 93], [0, 49, 57, 9, 50], [19, 76, 30, 39, 85], [37, 47, 61, 50, 68], [82, 37, 94, 35, 48], [99, 36, 30, 19, 38], [98, 13, 1, 2, 66], [92, 16, 72, 59, 7], [97, 48, 12, 70, 36], [76, 57, 4, 36, 80], [61, 58, 24, 16, 64]]
Tree 3
Points: [[26, 12, 64, 1, 36], [10, 32, 28, 58, 66], [92, 65, 77, 83, 47], [81, 36, 71, 53, 70], [9, 15, 18, 29, 53], [60, 42, 82, 2, 29], [17, 35, 19, 16, 23], [12, 99, 56, 66, 20], [3, 81, 44, 38, 42], [74, 37, 40, 27, 4], [51, 22, 37, 35, 30], [7, 88, 88, 15, 10], [19, 77, 56, 18, 71], [60, 24, 32, 39, 16], [52, 90, 80, 46, 96], [94, 84, 23, 15, 44]]
Traversal: [[51, 22, 37, 35, 30], [19, 77, 56, 18, 71], [10, 32, 28, 58, 66], [9, 15, 18, 29, 53], [17, 35, 19, 16, 23], [26, 12, 64, 1, 36], [12, 99, 56, 66, 20], [3, 81, 44, 38, 42], [7, 88, 88, 15, 10], [60, 42, 82, 2, 29], [74, 37, 40, 27, 4], [60, 24, 32, 39, 16], [81, 36, 71, 53, 70], [92, 65, 77, 83, 47], [94, 84, 23, 15, 44], [52, 90, 80, 46, 96]]
Tree 4
Points: [[55, 98, 27, 45, 98], [81, 87, 27, 77, 48], [87, 94, 5, 97, 98], [28, 65, 68, 85, 72], [33, 99, 48, 99, 89], [69, 65, 99, 71, 1], [1, 71, 25, 77, 50], [27, 96, 43, 19, 98], [45, 80, 43, 67, 8], [83, 46, 64, 20, 96], [98, 5, 85, 24, 2], [71, 75, 28, 95, 65], [80, 82, 14, 21, 69], [33, 2, 27, 19, 15], [71, 29, 35, 97, 48], [49, 80, 56, 63, 88], [58, 5, 51, 61, 83], [17, 45, 96, 62, 22]]
Traversal: [[58, 5, 51, 61, 83], [45, 80, 43, 67, 8], [28, 65, 68, 85, 72], [1, 71, 25, 77, 50], [33, 2, 27, 19, 15], [17, 45, 96, 62, 22], [33, 99, 48, 99, 89], [55, 98, 27, 45, 98], [27, 96, 43, 19, 98], [49, 80, 56, 63, 88], [71, 75, 28, 95, 65], [98, 5, 85, 24, 2], [71, 29, 35, 97, 48], [83, 46, 64, 20, 96], [69, 65, 99, 71, 1], [80, 82, 14, 21, 69], [87, 94, 5, 97, 98], [81, 87, 27, 77, 48]]
Tree 5
Points: [[9, 5, 76, 61, 42], [16, 59, 17, 68, 60], [25, 14, 61, 53, 81], [29, 70, 28, 74, 5], [84, 55, 50, 86, 53], [10, 43, 59, 30, 59], [14, 48, 56, 65, 7], [69, 15, 52, 32, 87], [78, 34, 29, 51, 89], [53, 4, 64, 26, 84], [5, 88, 17, 68, 56], [32, 81, 72, 73, 31], [94, 73, 48, 99, 32], [14, 61, 87, 32, 56], [28, 43, 97, 50, 46], [72, 37, 2, 17, 15]]
Traversal: [[29, 70, 28, 74, 5], [14, 48, 56, 65, 7], [9, 5, 76, 61, 42], [25, 14, 61, 53, 81], [10, 43, 59, 30, 59], [28, 43, 97, 50, 46], [5, 88, 17, 68, 56], [16, 59, 17, 68, 60], [14, 61, 87, 32, 56], [72, 37, 2, 17, 15], [69, 15, 52, 32, 87], [78, 34, 29, 51, 89], [53, 4, 64, 26, 84], [84, 55, 50, 86, 53], [94, 73, 48, 99, 32], [32, 81, 72, 73, 31]]
Tree 6
Points: [[85, 93, 22, 82, 7], [55, 49, 26, 4, 89], [26, 60, 83, 78, 18], [96, 91, 36, 20, 3], [18, 77, 51, 49, 31], [97, 18, 12, 91, 98], [71, 94, 45, 80, 65], [88, 16, 45, 91, 37], [50, 24, 48, 76, 4], [51, 46, 40, 14, 10], [27, 78, 13, 4, 86], [15, 29, 78, 42, 25], [75, 95, 91, 22, 43], [84, 55, 2, 25, 0], [95, 56, 70, 82, 86], [62, 46, 89, 77, 12], [62, 37, 83, 31, 28], [59, 83, 40, 89, 29]]
Traversal: [[62, 46, 89, 77, 12], [55, 49, 26, 4, 89], [15, 29, 78, 42, 25], [50, 24, 48, 76, 4], [51, 46, 40, 14, 10], [62, 37, 83, 31, 28], [18, 77, 51, 49, 31], [59, 83, 40, 89, 29], [27, 78, 13, 4, 86], [26, 60, 83, 78, 18], [96, 91, 36, 20, 3], [88, 16, 45, 91, 37], [97, 18, 12, 91, 98], [84, 55, 2, 25, 0], [95, 56, 70, 82, 86], [71, 94, 45, 80, 65], [85, 93, 22, 82, 7], [75, 95, 91, 22, 43]]
Tree 7
Points: [[52, 42, 10, 84, 17], [0, 39, 38, 98, 65], [48, 86, 45, 49, 22], [92, 65, 85, 66, 32], [50, 70, 35, 23, 82], [89, 79, 27, 85, 1], [9, 81, 11, 64, 67], [61, 54, 36, 84, 19], [69, 84, 62, 68, 41], [80, 16, 57, 5, 96], [22, 3, 8, 62, 92], [41, 74, 92, 95, 11], [34, 91, 49, 71, 39], [58, 5, 73, 88, 12], [97, 59, 78, 15, 4], [22, 52, 66, 71, 72], [5, 39, 79, 79, 41], [89, 22, 89, 89, 19], [62, 29, 9, 11, 99]]
Traversal: [[52, 42, 10, 84, 17], [50, 70, 35, 23, 82], [22, 52, 66, 71, 72], [0, 39, 38, 98, 65], [22, 3, 8, 62, 92], [5, 39, 79, 79, 41], [34, 91, 49, 71, 39], [9, 81, 11, 64, 67], [48, 86, 45, 49, 22], [41, 74, 92, 95, 11], [61, 54, 36, 84, 19], [58, 5, 73, 88, 12], [62, 29, 9, 11, 99], [80, 16, 57, 5, 96], [89, 22, 89, 89, 19], [97, 59, 78, 15, 4], [89, 79, 27, 85, 1], [69, 84, 62, 68, 41], [92, 65, 85, 66, 32]]
Tree 8
Points: [[82, 72, 1, 99, 46], [55, 10, 74, 24, 95], [43, 91, 13, 78, 55], [5, 23, 42, 49, 75], [56, 43, 24, 81, 21], [94, 18, 63, 89, 29], [37, 49, 40, 95, 11], [56, 63, 14, 32, 65], [65, 36, 25, 76, 72], [50, 12, 24, 19, 67], [10, 7, 52, 92, 14], [72, 46, 99, 35, 81], [23, 61, 53, 12, 45], [7, 47, 39, 94, 19], [50, 65, 43, 82, 78], [89, 56, 72, 50, 34], [90, 11, 11, 36, 49]]
Traversal: [[55, 10, 74, 24, 95], [37, 49, 40, 95, 11], [5, 23, 42, 49, 75], [7, 47, 39, 94, 19], [50, 12, 24, 19, 67], [10, 7, 52, 92, 14], [50, 65, 43, 82, 78], [43, 91, 13, 78, 55], [23, 61, 53, 12, 45], [72, 46, 99, 35, 81], [65, 36, 25, 76, 72], [56, 43, 24, 81, 21], [90, 11, 11, 36, 49], [94, 18, 63, 89, 29], [56, 63, 14, 32, 65], [82, 72, 1, 99, 46], [89, 56, 72, 50, 34]]
Tree 9
Points: [[81, 95, 74, 48, 74], [11, 93, 34, 74, 76], [39, 10, 2, 75, 46], [51, 41, 91, 3, 16], [63, 64, 13, 38, 4], [3, 19, 81, 16, 71], [24, 11, 22, 60, 91], [2, 8, 72, 89, 38], [52, 97, 88, 63, 21], [4, 31, 75, 37, 7], [22, 42, 59, 95, 54], [73, 51, 82, 23, 83], [25, 57, 69, 89, 45], [88, 51, 59, 44, 26], [43, 32, 30, 14, 71], [96, 61, 1, 47, 43], [90, 15, 68, 74, 85], [39, 94, 86, 0, 81], [58, 12, 91, 43, 54]]
Traversal: [[43, 32, 30, 14, 71], [4, 31, 75, 37, 7], [2, 8, 72, 89, 38], [39, 10, 2, 75, 46], [24, 11, 22, 60, 91], [3, 19, 81, 16, 71], [25, 57, 69, 89, 45], [22, 42, 59, 95, 54], [11, 93, 34, 74, 76], [39, 94, 86, 0, 81], [88, 51, 59, 44, 26], [58, 12, 91, 43, 54], [90, 15, 68, 74, 85], [73, 51, 82, 23, 83], [51, 41, 91, 3, 16], [81, 95, 74, 48, 74], [96, 61, 1, 47, 43], [63, 64, 13, 38, 4], [52, 97, 88, 63, 21]]
Tree 10
Points: [[34, 98, 42, 68, 62], [36, 83, 44, 81, 70], [6, 48, 9, 28, 77], [56, 9, 85, 66, 9], [36, 28, 64, 74, 13], [2, 37, 71, 87, 94], [81, 3, 98, 80, 82], [50, 61, 82, 28, 35], [53, 26, 42, 46, 69], [28, 43, 83, 62, 74], [74, 9, 91, 99, 75], [96, 38, 31, 22, 91], [57, 21, 97, 61, 41], [99, 41, 23, 52, 23], [72, 41, 60, 47, 15], [36, 65, 94, 42, 0], [83, 6, 93, 67, 31], [29, 16, 67, 26, 6], [11, 81, 55, 43, 67]]
Traversal: [[50, 61, 82, 28, 35], [6, 48, 9, 28, 77], [2, 37, 71, 87, 94], [36, 28, 64, 74, 13], [29, 16, 67, 26, 6], [28, 43, 83, 62, 74], [11, 81, 55, 43, 67], [36, 83, 44, 81, 70], [34, 98, 42, 68, 62], [36, 65, 94, 42, 0], [57, 21, 97, 61, 41], [83, 6, 93, 67, 31], [74, 9, 91, 99, 75], [56, 9, 85, 66, 9], [81, 3, 98, 80, 82], [53, 26, 42, 46, 69], [99, 41, 23, 52, 23], [96, 38, 31, 22, 91], [72, 41, 60, 47, 15]]
Tree 11
Points: [[91, 92, 14, 14, 80], [99, 63, 43, 27, 87], [20, 23, 34, 32, 65], [22, 21, 57, 68, 45], [39, 24, 86, 17, 52], [90, 8, 5, 97, 86], [82, 10, 62, 29, 11], [30, 71, 58, 94, 42], [85, 71, 25, 54, 83], [25, 45, 3, 84, 83], [37, 33, 60, 89, 7], [60, 37, 84, 98, 16], [45, 39, 33, 97, 65], [73, 87, 68, 24, 6], [97, 60, 88, 61, 59], [74, 29, 28, 24, 3], [82, 21, 6, 84, 21], [27, 26, 89, 64, 3], [53, 37, 7, 80, 75]]
Traversal: [[60, 37, 84, 98, 16], [37, 33, 60, 89, 7], [39, 24, 86, 17, 52], [22, 21, 57, 68, 45], [20, 23, 34, 32, 65], [27, 26, 89, 64, 3], [45, 39, 33, 97, 65], [25, 45, 3, 84, 83], [53, 37, 7, 80, 75], [30, 71, 58, 94, 42], [97, 60, 88, 61, 59], [74, 29, 28, 24, 3], [90, 8, 5, 97, 86], [82, 21, 6, 84, 21], [82, 10, 62, 29, 11], [99, 63, 43, 27, 87], [85, 71, 25, 54, 83], [91, 92, 14, 14, 80], [73, 87, 68, 24, 6]]
Tree 12
Points: [[2, 54, 5, 17, 78], [5, 78, 81, 30, 98], [3, 0, 93, 44, 44], [61, 0, 17, 29, 91], [34, 59, 21, 63, 94], [17, 38, 79, 1, 15], [86, 17, 53, 22, 77], [47, 66, 11, 9, 40], [54, 51, 47, 4, 10], [6, 44, 72, 8, 72], [18, 2, 69, 93, 29], [27, 17, 58, 11, 49], [72, 88, 3, 11, 57], [50, 15, 57, 3, 60], [39, 85, 29, 53, 67], [56, 75, 79, 45, 90], [79, 97, 11, 5, 30], [58, 68, 59, 32, 37]]
Traversal: [[47, 66, 11, 9, 40], [6, 44, 72, 8, 72], [17, 38, 79, 1, 15], [18, 2, 69, 93, 29], [27, 17, 58, 11, 49], [3, 0, 93, 44, 44], [39, 85, 29, 53, 67], [34, 59, 21, 63, 94], [2, 54, 5, 17, 78], [5, 78, 81, 30, 98], [58, 68, 59, 32, 37], [86, 17, 53, 22, 77], [61, 0, 17, 29, 91], [54, 51, 47, 4, 10], [50, 15, 57, 3, 60], [79, 97, 11, 5, 30], [72, 88, 3, 11, 57], [56, 75, 79, 45, 90]]
Tree 13
Points: [[60, 45, 29, 27, 27], [29, 72, 75, 97, 78], [38, 11, 74, 89, 32], [50, 40, 70, 30, 22], [75, 35, 84, 68, 63], [4, 49, 29, 63, 61], [91, 83, 90, 26, 73], [50, 95, 94, 17, 71], [56, 35, 73, 92, 47], [48, 71, 67, 71, 62], [72, 37, 5, 97, 55], [92, 46, 38, 49, 8], [65, 66, 62, 16, 61], [66, 11, 31, 10, 20], [14, 52, 71, 29, 5], [14, 79, 51, 32, 23], [91, 6, 73, 65, 75], [87, 70, 40, 60, 36]]
Traversal: [[60, 45, 29, 27, 27], [14, 52, 71, 29, 5], [56, 35, 73, 92, 47], [4, 49, 29, 63, 61], [50, 40, 70, 30, 22], [38, 11, 74, 89, 32], [29, 72, 75, 97, 78], [48, 71, 67, 71, 62], [14, 79, 51, 32, 23], [50, 95, 94, 17, 71], [92, 46, 38, 49, 8], [91, 6, 73, 65, 75], [72, 37, 5, 97, 55], [66, 11, 31, 10, 20], [75, 35, 84, 68, 63], [65, 66, 62, 16, 61], [87, 70, 40, 60, 36], [91, 83, 90, 26, 73]]
Tree 14
Points: [[35, 62, 69, 62, 58], [76, 18, 0, 1, 84], [77, 90, 21, 78, 13], [67, 17, 5, 26, 63], [27, 41, 13, 45, 48], [56, 58, 17, 86, 95], [89, 92, 77, 7, 26], [17, 68, 43, 47, 94], [92, 72, 58, 27, 6], [7, 53, 26, 75, 37], [93, 49, 20, 93, 56], [61, 55, 92, 23, 57], [9, 0, 19, 71, 50], [38, 67, 30, 37, 56], [5, 59, 80, 90, 61], [31, 70, 89, 75, 17], [31, 31, 84, 90, 39], [50, 74, 38, 68, 39], [79, 13, 35, 11, 75]]
Traversal: [[50, 74, 38, 68, 39], [5, 59, 80, 90, 61], [7, 53, 26, 75, 37], [9, 0, 19, 71, 50], [27, 41, 13, 45, 48], [31, 31, 84, 90, 39], [35, 62, 69, 62, 58], [17, 68, 43, 47, 94], [38, 67, 30, 37, 56], [31, 70, 89, 75, 17], [61, 55, 92, 23, 57], [93, 49, 20, 93, 56], [67, 17, 5, 26, 63], [76, 18, 0, 1, 84], [79, 13, 35, 11, 75], [92, 72, 58, 27, 6], [56, 58, 17, 86, 95], [77, 90, 21, 78, 13], [89, 92, 77, 7, 26]]
Tree 15
Points: [[54, 36, 82, 75, 51], [34, 58, 80, 28, 9], [8, 17, 92, 25, 94], [59, 94, 59, 58, 18], [12, 1, 27, 10, 67], [61, 16, 27, 6, 0], [7, 25, 67, 59, 36], [44, 85, 72, 38, 42], [97, 36, 68, 91, 13], [13, 41, 72, 6, 94], [12, 98, 3, 16, 5], [40, 55, 29, 53, 22], [23, 36, 59, 34, 70], [6, 88, 76, 17, 95], [48, 37, 0, 74, 4]]
Traversal: [[34, 58, 80, 28, 9], [23, 36, 59, 34, 70], [7, 25, 67, 59, 36], [12, 1, 27, 10, 67], [8, 17, 92, 25, 94], [13, 41, 72, 6, 94], [12, 98, 3, 16, 5], [6, 88, 76, 17, 95], [48, 37, 0, 74, 4], [97, 36, 68, 91, 13], [61, 16, 27, 6, 0], [54, 36, 82, 75, 51], [59, 94, 59, 58, 18], [40, 55, 29, 53, 22], [44, 85, 72, 38, 42]]
Tree 16
Points: [[10, 29, 97, 13, 19], [41, 76, 44, 51, 16], [37, 14, 36, 4, 47], [0, 49, 37, 75, 44], [69, 16, 16, 10, 5], [23, 47, 67, 38, 18], [94, 80, 31, 42, 47], [21, 97, 55, 74, 31], [83, 66, 19, 31, 19], [39, 39, 61, 97, 44], [54, 94, 62, 76, 16], [80, 6, 68, 45, 84], [30, 76, 53, 33, 90], [18, 6, 2, 26, 25], [13, 63, 91, 62, 57], [37, 45, 21, 69, 49], [25, 12, 52, 70, 47], [73, 10, 72, 90, 16], [95, 94, 38, 48, 60]]
Traversal: [[37, 45, 21, 69, 49], [23, 47, 67, 38, 18], [25, 12, 52, 70, 47], [18, 6, 2, 26, 25], [37, 14, 36, 4, 47], [10, 29, 97, 13, 19], [21, 97, 55, 74, 31], [0, 49, 37, 75, 44], [30, 76, 53, 33, 90], [13, 63, 91, 62, 57], [83, 66, 19, 31, 19], [80, 6, 68, 45, 84], [39, 39, 61, 97, 44], [69, 16, 16, 10, 5], [73, 10, 72, 90, 16], [41, 76, 44, 51, 16], [95, 94, 38, 48, 60], [94, 80, 31, 42, 47], [54, 94, 62, 76, 16]]
Tree 17
Points: [[70, 1, 63, 65, 21], [46, 0, 86, 36, 26], [20, 84, 34, 61, 30], [27, 73, 72, 52, 84], [23, 62, 48, 59, 43], [42, 13, 9, 27, 90], [34, 70, 41, 37, 6], [58, 85, 3, 75, 11], [29, 78, 83, 26, 80], [35, 52, 17, 80, 10], [60, 73, 99, 25, 26], [51, 79, 27, 4, 85], [53, 23, 22, 92, 43], [6, 13, 77, 17, 40], [94, 68, 18, 2, 27]]
Traversal: [[42, 13, 9, 27, 90], [34, 70, 41, 37, 6], [23, 62, 48, 59, 43], [35, 52, 17, 80, 10], [6, 13, 77, 17, 40], [27, 73, 72, 52, 84], [20, 84, 34, 61, 30], [29, 78, 83, 26, 80], [94, 68, 18, 2, 27], [70, 1, 63, 65, 21], [53, 23, 22, 92, 43], [46, 0, 86, 36, 26], [51, 79, 27, 4, 85], [58, 85, 3, 75, 11], [60, 73, 99, 25, 26]]
Tree 18
Points: [[79, 51, 87, 47, 63], [30, 13, 92, 46, 14], [46, 45, 97, 4, 10], [63, 18, 72, 58, 73], [13, 12, 29, 78, 77], [9, 46, 60, 76, 29], [75, 24, 59, 72, 15], [54, 32, 80, 11, 15], [25, 21, 22, 81, 92], [91, 72, 91, 92, 99], [30, 41, 9, 52, 43], [81, 50, 16, 64, 26], [7, 54, 82, 58, 75], [57, 58, 76, 13, 72], [18, 17, 42, 44, 98]]
Traversal: [[46, 45, 97, 4, 10], [25, 21, 22, 81, 92], [18, 17, 42, 44, 98], [13, 12, 29, 78, 77], [30, 13, 92, 46, 14], [9, 46, 60, 76, 29], [30, 41, 9, 52, 43], [7, 54, 82, 58, 75], [81, 50, 16, 64, 26], [63, 18, 72, 58, 73], [75, 24, 59, 72, 15], [54, 32, 80, 11, 15], [79, 51, 87, 47, 63], [57, 58, 76, 13, 72], [91, 72, 91, 92, 99]]
Tree 19
Points: [[87, 70, 78, 46, 54], [50, 43, 65, 78, 6], [47, 44, 9, 3, 9], [34, 94, 1, 38, 78], [80, 94, 50, 13, 86], [46, 99, 87, 37, 93], [90, 82, 86, 6, 74], [43, 1, 73, 90, 48], [79, 17, 19, 19, 65], [27, 35, 9, 13, 53], [70, 88, 10, 43, 5], [40, 15, 14, 85, 0], [35, 97, 14, 6, 88], [3, 68, 95, 27, 67], [34, 41, 13, 17, 40], [74, 38, 42, 67, 27], [60, 15, 34, 50, 44], [84, 52, 25, 75, 44]]
Traversal: [[50, 43, 65, 78, 6], [47, 44, 9, 3, 9], [40, 15, 14, 85, 0], [34, 41, 13, 17, 40], [27, 35, 9, 13, 53], [43, 1, 73, 90, 48], [46, 99, 87, 37, 93], [34, 94, 1, 38, 78], [35, 97, 14, 6, 88], [3, 68, 95, 27, 67], [87, 70, 78, 46, 54], [60, 15, 34, 50, 44], [84, 52, 25, 75, 44], [79, 17, 19, 19, 65], [74, 38, 42, 67, 27], [80, 94, 50, 13, 86], [70, 88, 10, 43, 5], [90, 82, 86, 6, 74]]
Tree 20
Points: [[5, 83, 71, 68, 95], [93, 91, 32, 41, 82], [29, 13, 9, 54, 8], [25, 33, 17, 47, 16], [49, 62, 71, 94, 80], [86, 37, 9, 46, 12], [88, 22, 56, 78, 45], [33, 62, 4, 69, 76], [41, 12, 0, 69, 22], [97, 49, 65, 10, 70], [16, 71, 27, 38, 84], [41, 82, 70, 38, 34], [74, 40, 40, 27, 94], [36, 98, 59, 89, 27], [56, 58, 31, 48, 3], [64, 37, 39, 12, 84]]
Traversal: [[49, 62, 71, 94, 80], [16, 71, 27, 38, 84], [29, 13, 9, 54, 8], [33, 62, 4, 69, 76], [41, 12, 0, 69, 22], [25, 33, 17, 47, 16], [41, 82, 70, 38, 34], [36, 98, 59, 89, 27], [5, 83, 71, 68, 95], [74, 40, 40, 27, 94], [64, 37, 39, 12, 84], [86, 37, 9, 46, 12], [88, 22, 56, 78, 45], [93, 91, 32, 41, 82], [56, 58, 31, 48, 3], [97, 49, 65, 10, 70]]
Tree 21
Points: [[76, 91, 47, 57, 21], [12, 17, 39, 31, 29], [55, 65, 37, 0, 23], [13, 8, 84, 53, 82], [80, 13, 8, 6, 27], [37, 35, 40, 26, 94], [76, 57, 45, 80, 58], [23, 72, 80, 18, 74], [15, 88, 64, 3, 90], [20, 47, 62, 97, 24], [82, 40, 9, 72, 71], [92, 41, 19, 86, 67], [78, 66, 87, 24, 84], [35, 46, 32, 34, 42], [92, 37, 82, 55, 35], [99, 65, 93, 20, 99], [46, 98, 91, 62, 62], [78, 30, 91, 51, 4]]
Traversal: [[76, 91, 47, 57, 21], [20, 47, 62, 97, 24], [37, 35, 40, 26, 94], [35, 46, 32, 34, 42], [12, 17, 39, 31, 29], [13, 8, 84, 53, 82], [23, 72, 80, 18, 74], [15, 88, 64, 3, 90], [55, 65, 37, 0, 23], [46, 98, 91, 62, 62], [92, 41, 19, 86, 67], [92, 37, 82, 55, 35], [82, 40, 9, 72, 71], [80, 13, 8, 6, 27], [78, 30, 91, 51, 4], [78, 66, 87, 24, 84], [76, 57, 45, 80, 58], [99, 65, 93, 20, 99]]
Tree 22
Points: [[6, 41, 3, 39, 27], [13, 44, 0, 74, 93], [78, 0, 0, 96, 11], [29, 5, 69, 57, 30], [18, 16, 81, 75, 9], [9, 90, 76, 64, 28], [77, 87, 58, 48, 27], [25, 84, 76, 24, 5], [34, 76, 59, 43, 79], [59, 21, 12, 98, 5], [20, 31, 98, 23, 19], [85, 47, 6, 68, 73], [24, 47, 32, 74, 90], [91, 16, 98, 22, 28], [28, 78, 89, 5, 66], [35, 75, 51, 77, 99], [56, 95, 94, 5, 29], [91, 53, 65, 61, 26], [28, 39, 97, 47, 32]]
Traversal: [[29, 5, 69, 57, 30], [13, 44, 0, 74, 93], [28, 39, 97, 47, 32], [18, 16, 81, 75, 9], [6, 41, 3, 39, 27], [20, 31, 98, 23, 19], [9, 90, 76, 64, 28], [24, 47, 32, 74, 90], [25, 84, 76, 24, 5], [28, 78, 89, 5, 66], [91, 53, 65, 61, 26], [59, 21, 12, 98, 5], [78, 0, 0, 96, 11], [85, 47, 6, 68, 73], [91, 16, 98, 22, 28], [34, 76, 59, 43, 79], [35, 75, 51, 77, 99], [77, 87, 58, 48, 27], [56, 95, 94, 5, 29]]
Tree 23
Points: [[4, 54, 0, 11, 51], [99, 68, 26, 15, 92], [16, 70, 95, 2, 17], [65, 32, 97, 38, 68], [94, 4, 79, 21, 10], [16, 2, 46, 61, 46], [32, 23, 61, 1, 36], [89, 8, 47, 91, 0], [35, 26, 62, 52, 22], [31, 1, 93, 3, 3], [98, 36, 42, 20, 5], [88, 83, 54, 3, 83], [23, 48, 94, 30, 89], [7, 42, 12, 4, 27], [76, 74, 43, 53, 10], [43, 6, 71, 0, 51]]
Traversal: [[43, 6, 71, 0, 51], [7, 42, 12, 4, 27], [35, 26, 62, 52, 22], [16, 2, 46, 61, 46], [32, 23, 61, 1, 36], [31, 1, 93, 3, 3], [23, 48, 94, 30, 89], [4, 54, 0, 11, 51], [16, 70, 95, 2, 17], [98, 36, 42, 20, 5], [94, 4, 79, 21, 10], [89, 8, 47, 91, 0], [65, 32, 97, 38, 68], [76, 74, 43, 53, 10], [99, 68, 26, 15, 92], [88, 83, 54, 3, 83]]
Tree 24
Points: [[96, 23, 64, 71, 30], [18, 32, 2, 38, 12], [64, 72, 3, 13, 90], [3, 70, 6, 20, 58], [2, 85, 47, 52, 58], [82, 80, 57, 43, 33], [69, 93, 79, 89, 24], [60, 64, 61, 77, 12], [70, 49, 3, 32, 49], [99, 13, 75, 17, 68], [87, 47, 74, 38, 48], [36, 93, 25, 35, 71], [64, 64, 8, 67, 6], [7, 51, 77, 82, 17], [3, 8, 47, 43, 61], [3, 44, 75, 49, 50], [10, 43, 79, 91, 62]]
Traversal: [[60, 64, 61, 77, 12], [7, 51, 77, 82, 17], [3, 44, 75, 49, 50], [3, 8, 47, 43, 61], [18, 32, 2, 38, 12], [10, 43, 79, 91, 62], [36, 93, 25, 35, 71], [3, 70, 6, 20, 58], [2, 85, 47, 52, 58], [64, 64, 8, 67, 6], [87, 47, 74, 38, 48], [96, 23, 64, 71, 30], [70, 49, 3, 32, 49], [99, 13, 75, 17, 68], [82, 80, 57, 43, 33], [64, 72, 3, 13, 90], [69, 93, 79, 89, 24]]
Tree 25
Points: [[82, 62, 35, 85, 28], [59, 97, 89, 74, 1], [21, 25, 10, 41, 13], [51, 66, 82, 84, 7], [40, 56, 85, 37, 46], [83, 90, 55, 6, 0], [8, 85, 37, 67, 46], [41, 92, 63, 57, 39], [65, 51, 61, 69, 58], [91, 95, 40, 73, 53], [7, 99, 47, 69, 41], [28, 85, 11, 3, 18], [35, 46, 17, 27, 54], [73, 19, 71, 71, 43], [44, 46, 34, 33, 74], [69, 92, 46, 32, 83], [39, 30, 95, 47, 1], [32, 63, 45, 55, 64]]
Traversal: [[44, 46, 34, 33, 74], [32, 63, 45, 55, 64], [40, 56, 85, 37, 46], [21, 25, 10, 41, 13], [35, 46, 17, 27, 54], [39, 30, 95, 47, 1], [7, 99, 47, 69, 41], [8, 85, 37, 67, 46], [28, 85, 11, 3, 18], [41, 92, 63, 57, 39], [83, 90, 55, 6, 0], [73, 19, 71, 71, 43], [82, 62, 35, 85, 28], [65, 51, 61, 69, 58], [51, 66, 82, 84, 7], [69, 92, 46, 32, 83], [91, 95, 40, 73, 53], [59, 97, 89, 74, 1]]
Tree 26
Points: [[5, 35, 35, 67, 28], [91, 9, 43, 3, 11], [51, 86, 4, 29, 60], [44, 2, 94, 69, 47], [76, 17, 79, 56, 41], [24, 85, 3, 60, 46], [31, 70, 51, 97, 47], [11, 62, 8, 62, 3], [55, 54, 41, 54, 25], [6, 71, 63, 93, 69], [38, 67, 7, 43, 23], [88, 29, 51, 17, 56], [43, 33, 48, 78, 42], [80, 1, 53, 64, 56], [15, 80, 72, 20, 61], [63, 54, 43, 25, 0], [49, 39, 2, 70, 3], [30, 13, 20, 75, 11]]
Traversal: [[44, 2, 94, 69, 47], [38, 67, 7, 43, 23], [5, 35, 35, 67, 28], [30, 13, 20, 75, 11], [11, 62, 8, 62, 3], [43, 33, 48, 78, 42], [6, 71, 63, 93, 69], [31, 70, 51, 97, 47], [24, 85, 3, 60, 46], [15, 80, 72, 20, 61], [49, 39, 2, 70, 3], [80, 1, 53, 64, 56], [88, 29, 51, 17, 56], [91, 9, 43, 3, 11], [76, 17, 79, 56, 41], [55, 54, 41, 54, 25], [51, 86, 4, 29, 60], [63, 54, 43, 25, 0]]
Tree 27
Points: [[16, 77, 62, 8, 27], [6, 42, 4, 15, 60], [0, 39, 37, 6, 93], [58, 25, 76, 64, 62], [52, 50, 49, 28, 71], [65, 50, 7, 26, 40], [61, 48, 22, 14, 63], [95, 85, 52, 7, 36], [80, 70, 20, 38, 4], [16, 98, 56, 14, 15], [88, 14, 10, 4, 84], [52, 75, 53, 93, 67], [44, 90, 91, 2, 60], [66, 23, 28, 53, 18], [59, 65, 68, 36, 81]]
Traversal: [[58, 25, 76, 64, 62], [52, 75, 53, 93, 67], [0, 39, 37, 6, 93], [6, 42, 4, 15, 60], [52, 50, 49, 28, 71], [16, 77, 62, 8, 27], [16, 98, 56, 14, 15], [44, 90, 91, 2, 60], [65, 50, 7, 26, 40], [61, 48, 22, 14, 63], [88, 14, 10, 4, 84], [66, 23, 28, 53, 18], [95, 85, 52, 7, 36], [80, 70, 20, 38, 4], [59, 65, 68, 36, 81]]
Tree 28
Points: [[89, 76, 34, 85, 56], [63, 73, 36, 41, 6], [17, 31, 6, 50, 16], [30, 28, 75, 32, 89], [38, 29, 2, 83, 76], [18, 64, 41, 22, 17], [42, 4, 4, 18, 69], [14, 10, 50, 93, 83], [34, 3, 8, 90, 82], [68, 7, 93, 35, 79], [46, 45, 67, 58, 3], [70, 66, 24, 55, 59], [35, 3, 71, 27, 66], [71, 10, 63, 5, 40], [86, 52, 43, 65, 6]]
Traversal: [[42, 4, 4, 18, 69], [30, 28, 75, 32, 89], [14, 10, 50, 93, 83], [34, 3, 8, 90, 82], [35, 3, 71, 27, 66], [17, 31, 6, 50, 16], [38, 29, 2, 83, 76], [18, 64, 41, 22, 17], [86, 52, 43, 65, 6], [46, 45, 67, 58, 3], [71, 10, 63, 5, 40], [68, 7, 93, 35, 79], [89, 76, 34, 85, 56], [70, 66, 24, 55, 59], [63, 73, 36, 41, 6]]
Tree 29
Points: [[5, 74, 7, 29, 82], [47, 60, 63, 66, 41], [29, 96, 49, 60, 52], [25, 36, 19, 96, 91], [26, 56, 56, 28, 45], [87, 82, 5, 65, 85], [34, 1, 93, 98, 14], [30, 9, 54, 27, 7], [76, 93, 36, 38, 92], [85, 87, 37, 20, 13], [40, 50, 54, 65, 72], [58, 73, 49, 17, 49], [89, 87, 57, 74, 90], [13, 31, 21, 97, 1], [96, 43, 55, 70, 34], [94, 46, 90, 17, 12], [52, 47, 39, 48, 55], [25, 64, 60, 30, 92], [87, 79, 38, 86, 48]]
Traversal: [[47, 60, 63, 66, 41], [40, 50, 54, 65, 72], [30, 9, 54, 27, 7], [13, 31, 21, 97, 1], [25, 36, 19, 96, 91], [34, 1, 93, 98, 14], [26, 56, 56, 28, 45], [29, 96, 49, 60, 52], [5, 74, 7, 29, 82], [25, 64, 60, 30, 92], [87, 79, 38, 86, 48], [96, 43, 55, 70, 34], [52, 47, 39, 48, 55], [58, 73, 49, 17, 49], [94, 46, 90, 17, 12], [85, 87, 37, 20, 13], [87, 82, 5, 65, 85], [76, 93, 36, 38, 92], [89, 87, 57, 74, 90]]
