Tree 0
Points: [[37, 66, 77, 20, 46], [93, 32, 52, 55, 19], [56, 22, 86, 60, 34], [61, 54, 38, 85, 92], [48, 34, 61, 65, 54], [17, 52, 34, 43, 13], [17, 31, 21, 98, 1], [69, 47, 38, 63, 31], [92, 68, 37, 7, 67], [54, 21, 21, 57, 90], [66, 92, 47, 32, 33], [99, 58, 32, 17, 9], [99, 44, 86, 5, 86], [9, 65, 61, 5, 68], [7, 54, 19, 51, 38], [13, 11, 87, 54, 53], [75, 40, 95, 3, 61], [2, 71, 2, 25, 46], [5, 16, 8, 81, 92], [78, 56, 6, 77, 56], [92, 3, 59, 4, 0], [75, 38, 6, 20, 70], [16, 64, 67, 69, 61], [39, 59, 80, 89, 94], [27, 75, 64, 33, 25], [52, 14, 48, 34, 40], [50, 62, 43, 38, 19], [42, 98, 21, 20, 90]]
Traversal: [[52, 14, 48, 34, 40], [50, 62, 43, 38, 19], [17, 52, 34, 43, 13], [5, 16, 8, 81, 92], [7, 54, 19, 51, 38], [17, 31, 21, 98, 1], [48, 34, 61, 65, 54], [13, 11, 87, 54, 53], [39, 59, 80, 89, 94], [27, 75, 64, 33, 25], [42, 98, 21, 20, 90], [9, 65, 61, 5, 68], [2, 71, 2, 25, 46], [16, 64, 67, 69, 61], [37, 66, 77, 20, 46], [99, 44, 86, 5, 86], [92, 3, 59, 4, 0], [93, 32, 52, 55, 19], [75, 38, 6, 20, 70], [54, 21, 21, 57, 90], [56, 22, 86, 60, 34], [75, 40, 95, 3, 61], [69, 47, 38, 63, 31], [99, 58, 32, 17, 9], [92, 68, 37, 7, 67], [78, 56, 6, 77, 56], [61, 54, 38, 85, 92], [66, 92, 47, 32, 33]]
Tree 1
Points: [[27, 3, 89, 7, 4], [4, 53, 9, 68, 33], [49, 74, 23, 57, 96], [77, 21, 92, 23, 5], [61, 2, 0, 9, 71], [29, 21, 80, 78, 83], [37, 90, 76, 79, 83], [18, 66, 16, 75, 99], [9, 73, 30, 22, 20], [83, 68, 79, 33, 64], [15, 77, 9, 49, 10], [34, 39, 48, 44, 1], [72, 0, 11, 26, 94], [42, 19, 85, 1, 60], [82, 92, 62, 11, 49], [63, 9, 24, 68, 26], [52, 54, 85, 78, 29], [1, 78, 0, 15, 33], [32, 69, 30, 47, 58], [73, 7, 30, 85, 30], [41, 8, 65, 85, 8], [49, 64, 91, 50, 48], [89, 29, 71, 26, 95], [14, 19, 8, 39, 29]]
Traversal: [[42, 19, 85, 1, 60], [18, 66, 16, 75, 99], [41, 8, 65, 85, 8], [34, 39, 48, 44, 1], [14, 19, 8, 39, 29], [4, 53, 9, 68, 33], [29, 21, 80, 78, 83], [27, 3, 89, 7, 4], [32, 69, 30, 47, 58], [15, 77, 9, 49, 10], [1, 78, 0, 15, 33], [37, 90, 76, 79, 83], [9, 73, 30, 22, 20], [89, 29, 71, 26, 95], [63, 9, 24, 68, 26], [72, 0, 11, 26, 94], [61, 2, 0, 9, 71], [73, 7, 30, 85, 30], [77, 21, 92, 23, 5], [83, 68, 79, 33, 64], [49, 74, 23, 57, 96], [82, 92, 62, 11, 49], [52, 54, 85, 78, 29], [49, 64, 91, 50, 48]]
Tree 2
Points: [[77, 40, 1, 89, 88], [30, 41, 80, 62, 75], [71, 85, 88, 37, 43], [59, 36, 32, 73, 16], [35, 3, 39, 37, 3], [40, 58, 99, 1, 3], [11, 3, 59, 12, 96], [39, 50, 0, 54, 54], [87, 71, 59, 65, 98], [13, 56, 30, 85, 81], [23, 35, 33, 6, 24], [34, 57, 73, 24, 93], [5, 48, 25, 68, 38], [0, 59, 78, 73, 50], [28, 15, 66, 36, 7], [81, 31, 43, 41, 79], [28, 54, 52, 42, 31], [86, 57, 23, 68, 64], [17, 70, 68, 75, 96], [80, 2, 74, 39, 38], [54, 0, 9, 75, 44], [52, 81, 47, 69, 48], [38, 36, 4, 75, 39], [93, 62, 45, 75, 42], [32, 1, 47, 34, 42], [42, 74, 42, 46, 79], [90, 40, 80, 43, 92], [64, 63, 44, 2, 22]]
Traversal: [[40, 58, 99, 1, 3], [5, 48, 25, 68, 38], [32, 1, 47, 34, 42], [35, 3, 39, 37, 3], [23, 35, 33, 6, 24], [38, 36, 4, 75, 39], [28, 15, 66, 36, 7], [11, 3, 59, 12, 96], [30, 41, 80, 62, 75], [17, 70, 68, 75, 96], [39, 50, 0, 54, 54], [28, 54, 52, 42, 31], [13, 56, 30, 85, 81], [0, 59, 78, 73, 50], [34, 57, 73, 24, 93], [86, 57, 23, 68, 64], [81, 31, 43, 41, 79], [54, 0, 9, 75, 44], [59, 36, 32, 73, 16], [77, 40, 1, 89, 88], [90, 40, 80, 43, 92], [80, 2, 74, 39, 38], [52, 81, 47, 69, 48], [42, 74, 42, 46, 79], [64, 63, 44, 2, 22], [93, 62, 45, 75, 42], [87, 71, 59, 65, 98], [71, 85, 88, 37, 43]]
Tree 3
Points: [[44, 83, 94, 77, 7], [83, 99, 53, 62, 29], [84, 8, 74, 41, 34], [46, 61, 75, 72, 55], [85, 68, 47, 7, 56], [85, 86, 70, 19, 43], [70, 96, 86, 21, 11], [43, 67, 96, 29, 21], [81, 69, 91, 1, 33], [40, 43, 51, 94, 82], [54, 79, 51, 45, 93], [4, 56, 48, 20, 16], [53, 85, 66, 20, 56], [24, 43, 84, 63, 15], [97, 24, 88, 91, 61], [3, 19, 12, 44, 74], [9, 63, 92, 46, 95], [87, 13, 69, 45, 7], [41, 16, 50, 39, 35], [28, 81, 37, 1, 81], [30, 34, 3, 33, 43], [89, 1, 98, 56, 49], [40, 82, 41, 54, 85], [47, 92, 65, 41, 38], [12, 79, 28, 25, 53], [86, 63, 91, 77, 33], [78, 8, 68, 46, 85], [45, 92, 22, 14, 0], [50, 54, 50, 9, 33]]
Traversal: [[47, 92, 65, 41, 38], [9, 63, 92, 46, 95], [41, 16, 50, 39, 35], [30, 34, 3, 33, 43], [4, 56, 48, 20, 16], [3, 19, 12, 44, 74], [46, 61, 75, 72, 55], [24, 43, 84, 63, 15], [40, 43, 51, 94, 82], [40, 82, 41, 54, 85], [45, 92, 22, 14, 0], [28, 81, 37, 1, 81], [12, 79, 28, 25, 53], [44, 83, 94, 77, 7], [43, 67, 96, 29, 21], [85, 68, 47, 7, 56], [84, 8, 74, 41, 34], [87, 13, 69, 45, 7], [50, 54, 50, 9, 33], [78, 8, 68, 46, 85], [86, 63, 91, 77, 33], [89, 1, 98, 56, 49], [97, 24, 88, 91, 61], [85, 86, 70, 19, 43], [54, 79, 51, 45, 93], [53, 85, 66, 20, 56], [83, 99, 53, 62, 29], [70, 96, 86, 21, 11], [81, 69, 91, 1, 33]]
Tree 4
Points: [[40, 40, 7, 26, 29], [50, 57, 17, 10, 43], [62, 97, 65, 19, 93], [6, 5, 68, 66, 40], [80, 71, 40, 24, 87], [52, 22, 41, 6, 78], [51, 39, 24, 31, 20], [18, 35, 96, 84, 88], [96, 91, 44, 82, 22], [98, 31, 50, 18, 78], [7, 11, 63, 74, 57], [58, 38, 41, 86, 64], [34, 81, 42, 52, 70], [3, 40, 91, 76, 39], [85, 25, 0, 34, 65], [43, 37, 89, 87, 42], [68, 52, 71, 93, 1], [23, 87, 88, 89, 69], [22, 80, 95, 64, 67], [97, 31, 70, 52, 64], [8, 24, 70, 75, 68], [62, 71, 25, 51, 42], [5, 37, 4, 62, 42], [12, 16, 57, 69, 13], [11, 86, 39, 0, 24]]
Traversal: [[43, 37, 89, 87, 42], [3, 40, 91, 76, 39], [6, 5, 68, 66, 40], [12, 16, 57, 69, 13], [5, 37, 4, 62, 42], [7, 11, 63, 74, 57], [18, 35, 96, 84, 88], [8, 24, 70, 75, 68], [34, 81, 42, 52, 70], [40, 40, 7, 26, 29], [11, 86, 39, 0, 24], [23, 87, 88, 89, 69], [22, 80, 95, 64, 67], [68, 52, 71, 93, 1], [58, 38, 41, 86, 64], [51, 39, 24, 31, 20], [52, 22, 41, 6, 78], [85, 25, 0, 34, 65], [97, 31, 70, 52, 64], [98, 31, 50, 18, 78], [80, 71, 40, 24, 87], [62, 71, 25, 51, 42], [50, 57, 17, 10, 43], [96, 91, 44, 82, 22], [62, 97, 65, 19, 93]]
Tree 5
Points: [[27, 30, 88, 92, 24], [94, 52, 32, 62, 61], [99, 86, 47, 8, 3], [52, 78, 60, 59, 81], [59, 83, 88, 88, 99], [65, 76, 84, 7, 86], [44, 79, 32, 33, 77], [1, 3, 39, 62, 62], [27, 58, 98, 47, 25], [80, 73, 25, 64, 15], [80, 7, 23, 40, 38], [37, 68, 98, 86, 60], [49, 30, 97, 91, 71], [77, 89, 37, 31, 49], [47, 53, 8, 18, 84], [25, 39, 93, 2, 50], [81, 97, 3, 26, 53], [88, 63, 94, 57, 65], [82, 71, 43, 69, 58], [40, 19, 34, 85, 88], [94, 65, 0, 88, 47]]
Traversal: [[59, 83, 88, 88, 99], [47, 53, 8, 18, 84], [27, 30, 88, 92, 24], [40, 19, 34, 85, 88], [1, 3, 39, 62, 62], [49, 30, 97, 91, 71], [25, 39, 93, 2, 50], [27, 58, 98, 47, 25], [52, 78, 60, 59, 81], [44, 79, 32, 33, 77], [37, 68, 98, 86, 60], [80, 73, 25, 64, 15], [94, 52, 32, 62, 61], [94, 65, 0, 88, 47], [80, 7, 23, 40, 38], [82, 71, 43, 69, 58], [88, 63, 94, 57, 65], [99, 86, 47, 8, 3], [77, 89, 37, 31, 49], [81, 97, 3, 26, 53], [65, 76, 84, 7, 86]]
Tree 6
Points: [[4, 64, 36, 60, 50], [55, 84, 68, 5, 61], [78, 22, 79, 83, 76], [61, 39, 32, 57, 30], [84, 20, 58, 69, 74], [88, 75, 21, 70, 65], [52, 13, 79, 43, 85], [67, 93, 9, 54, 88], [55, 55, 56, 49, 20], [37, 53, 61, 83, 40], [67, 37, 3, 84, 38], [94, 33, 89, 41, 22], [66, 57, 27, 58, 28], [60, 99, 47, 33, 25], [74, 72, 81, 89, 7], [51, 29, 39, 41, 20], [33, 10, 76, 47, 2], [96, 88, 53, 69, 19], [0, 17, 87, 84, 58], [36, 12, 44, 79, 37], [24, 45, 52, 84, 60], [7, 23, 20, 69, 7], [36, 9, 69, 25, 33], [84, 64, 33, 83, 73], [2, 16, 87, 61, 58], [25, 42, 80, 17, 40], [60, 81, 41, 38, 76], [70, 24, 33, 78, 69], [9, 37, 11, 25, 16]]
Traversal: [[55, 84, 68, 5, 61], [51, 29, 39, 41, 20], [33, 10, 76, 47, 2], [7, 23, 20, 69, 7], [36, 9, 69, 25, 33], [36, 12, 44, 79, 37], [2, 16, 87, 61, 58], [52, 13, 79, 43, 85], [0, 17, 87, 84, 58], [55, 55, 56, 49, 20], [4, 64, 36, 60, 50], [9, 37, 11, 25, 16], [24, 45, 52, 84, 60], [37, 53, 61, 83, 40], [25, 42, 80, 17, 40], [84, 64, 33, 83, 73], [70, 24, 33, 78, 69], [66, 57, 27, 58, 28], [61, 39, 32, 57, 30], [67, 37, 3, 84, 38], [84, 20, 58, 69, 74], [94, 33, 89, 41, 22], [78, 22, 79, 83, 76], [60, 99, 47, 33, 25], [67, 93, 9, 54, 88], [60, 81, 41, 38, 76], [88, 75, 21, 70, 65], [74, 72, 81, 89, 7], [96, 88, 53, 69, 19]]
Tree 7
Points: [[61, 23, 50, 9, 42], [41, 26, 42, 62, 11], [71, 91, 32, 30, 86], [29, 32, 66, 22, 47], [40, 24, 14, 2, 67], [33, 42, 36, 0, 24], [50, 38, 55, 12, 15], [26, 23, 56, 93, 16], [82, 45, 33, 3, 58], [71, 57, 20, 88, 66], [60, 10, 51, 98, 88], [0, 70, 13, 25, 91], [47, 69, 23, 51, 54], [24, 77, 21, 13, 66], [41, 1, 58, 52, 0], [57, 14, 7, 48, 73], [49, 4, 16, 16, 63], [16, 67, 54, 2, 32], [57, 70, 85, 28, 22], [27, 49, 4, 4, 95], [66, 89, 94, 75, 74], [66, 75, 76, 84, 9], [35, 51, 6, 31, 27], [10, 48, 72, 89, 79]]
Traversal: [[47, 69, 23, 51, 54], [10, 48, 72, 89, 79], [26, 23, 56, 93, 16], [40, 24, 14, 2, 67], [33, 42, 36, 0, 24], [41, 26, 42, 62, 11], [41, 1, 58, 52, 0], [29, 32, 66, 22, 47], [0, 70, 13, 25, 91], [35, 51, 6, 31, 27], [27, 49, 4, 4, 95], [24, 77, 21, 13, 66], [16, 67, 54, 2, 32], [82, 45, 33, 3, 58], [61, 23, 50, 9, 42], [57, 14, 7, 48, 73], [49, 4, 16, 16, 63], [60, 10, 51, 98, 88], [50, 38, 55, 12, 15], [66, 75, 76, 84, 9], [71, 57, 20, 88, 66], [71, 91, 32, 30, 86], [66, 89, 94, 75, 74], [57, 70, 85, 28, 22]]
Tree 8
Points: [[82, 64, 36, 32, 37], [82, 77, 83, 66, 40], [0, 38, 64, 9, 62], [49, 3, 5, 81, 18], [45, 75, 64, 38, 41], [17, 44, 18, 63, 6], [79, 54, 60, 39, 0], [37, 36, 7, 45, 11], [4, 70, 38, 40, 62], [70, 80, 34, 80, 96], [28, 32, 49, 8, 21], [50, 24, 16, 85, 10], [32, 8, 59, 70, 90], [91, 45, 89, 20, 84], [77, 34, 4, 48, 78], [24, 65, 43, 77, 97], [76, 16, 57, 5, 97], [95, 8, 33, 54, 64], [32, 95, 2, 27, 80], [87, 66, 71, 45, 20], [64, 7, 89, 24, 65], [99, 62, 94, 34, 92], [98, 21, 87, 17, 69], [3, 89, 21, 59, 6], [61, 83, 22, 23, 85], [76, 22, 60, 10, 78]]
Traversal: [[64, 7, 89, 24, 65], [17, 44, 18, 63, 6], [28, 32, 49, 8, 21], [49, 3, 5, 81, 18], [37, 36, 7, 45, 11], [50, 24, 16, 85, 10], [32, 8, 59, 70, 90], [0, 38, 64, 9, 62], [4, 70, 38, 40, 62], [32, 95, 2, 27, 80], [61, 83, 22, 23, 85], [3, 89, 21, 59, 6], [24, 65, 43, 77, 97], [45, 75, 64, 38, 41], [79, 54, 60, 39, 0], [76, 22, 60, 10, 78], [77, 34, 4, 48, 78], [76, 16, 57, 5, 97], [95, 8, 33, 54, 64], [91, 45, 89, 20, 84], [98, 21, 87, 17, 69], [87, 66, 71, 45, 20], [70, 80, 34, 80, 96], [82, 64, 36, 32, 37], [82, 77, 83, 66, 40], [99, 62, 94, 34, 92]]
Tree 9
Points: [[39, 74, 61, 90, 26], [83, 46, 16, 1, 83], [78, 9, 63, 63, 60], [35, 99, 8, 90, 56], [45, 77, 61, 89, 44], [52, 14, 13, 58, 6], [72, 51, 14, 28, 29], [95, 94, 8, 66, 56], [79, 56, 56, 92, 98], [37, 42, 88, 5, 14], [56, 98, 11, 16, 31], [76, 58, 59, 64, 61], [98, 64, 57, 16, 4], [3, 5, 94, 50, 42], [84, 48, 45, 15, 92], [91, 55, 59, 55, 33], [11, 91, 34, 88, 13], [7, 24, 65, 99, 82], [40, 55, 65, 27, 15], [15, 41, 77, 6, 96], [92, 56, 52, 6, 78], [31, 6, 33, 58, 46], [26, 51, 32, 60, 46], [95, 7, 49, 39, 65], [5, 27, 38, 45, 23], [12, 9, 29, 29, 13]]
Traversal: [[52, 14, 13, 58, 6], [37, 42, 88, 5, 14], [7, 24, 65, 99, 82], [5, 27, 38, 45, 23], [12, 9, 29, 29, 13], [31, 6, 33, 58, 46], [3, 5, 94, 50, 42], [15, 41, 77, 6, 96], [39, 74, 61, 90, 26], [11, 91, 34, 88, 13], [26, 51, 32, 60, 46], [35, 99, 8, 90, 56], [45, 77, 61, 89, 44], [40, 55, 65, 27, 15], [79, 56, 56, 92, 98], [95, 7, 49, 39, 65], [84, 48, 45, 15, 92], [83, 46, 16, 1, 83], [72, 51, 14, 28, 29], [78, 9, 63, 63, 60], [91, 55, 59, 55, 33], [92, 56, 52, 6, 78], [95, 94, 8, 66, 56], [56, 98, 11, 16, 31], [76, 58, 59, 64, 61], [98, 64, 57, 16, 4]]
Tree 10
Points: [[24, 9, 68, 37, 56], [75, 86, 60, 24, 52], [53, 98, 46, 33, 13], [97, 71, 12, 73, 46], [29, 12, 55, 48, 35], [34, 58, 60, 1, 17], [43, 55, 9, 55, 16], [67, 41, 86, 47, 84], [88, 97, 58, 84, 85], [36, 12, 26, 2, 22], [46, 83, 18, 34, 95], [67, 0, 27, 48, 86], [3, 96, 11, 88, 28], [40, 73, 2, 78, 59], [10, 4, 73, 90, 8], [37, 98, 91, 58, 58], [49, 19, 35, 36, 74], [49, 18, 4, 88, 79], [49, 94, 13, 51, 16], [55, 75, 61, 98, 17], [70, 24, 93, 93, 66], [75, 46, 40, 81, 39], [9, 26, 20, 57, 68], [66, 52, 39, 83, 63], [7, 31, 96, 68, 27], [24, 55, 8, 44, 53], [90, 38, 27, 98, 43], [76, 8, 40, 32, 64]]
Traversal: [[49, 18, 4, 88, 79], [24, 55, 8, 44, 53], [29, 12, 55, 48, 35], [49, 19, 35, 36, 74], [36, 12, 26, 2, 22], [9, 26, 20, 57, 68], [7, 31, 96, 68, 27], [24, 9, 68, 37, 56], [10, 4, 73, 90, 8], [46, 83, 18, 34, 95], [40, 73, 2, 78, 59], [43, 55, 9, 55, 16], [3, 96, 11, 88, 28], [37, 98, 91, 58, 58], [34, 58, 60, 1, 17], [66, 52, 39, 83, 63], [75, 46, 40, 81, 39], [67, 0, 27, 48, 86], [76, 8, 40, 32, 64], [90, 38, 27, 98, 43], [70, 24, 93, 93, 66], [67, 41, 86, 47, 84], [88, 97, 58, 84, 85], [49, 94, 13, 51, 16], [53, 98, 46, 33, 13], [97, 71, 12, 73, 46], [55, 75, 61, 98, 17], [75, 86, 60, 24, 52]]
Tree 11
Points: [[76, 16, 75, 79, 92], [51, 64, 92, 36, 60], [18, 81, 25, 40, 25], [4, 10, 97, 86, 97], [82, 35, 84, 5, 58], [99, 47, 77, 30, 11], [8, 26, 95, 90, 50], [19, 55, 31, 70, 51], [37, 11, 79, 44, 53], [4, 99, 17, 25, 54], [76, 0, 96, 70, 99], [41, 83, 99, 93, 87], [25, 84, 44, 72, 38], [86, 50, 15, 4, 75], [26, 75, 26, 76, 28], [0, 69, 57, 13, 22], [88, 61, 90, 62, 5], [82, 44, 92, 67, 23], [9, 51, 5, 90, 33], [1, 63, 96, 84, 61], [91, 76, 31, 91, 58], [3, 84, 10, 51, 73]]
Traversal: [[37, 11, 79, 44, 53], [0, 69, 57, 13, 22], [8, 26, 95, 90, 50], [9, 51, 5, 90, 33], [19, 55, 31, 70, 51], [4, 10, 97, 86, 97], [1, 63, 96, 84, 61], [18, 81, 25, 40, 25], [3, 84, 10, 51, 73], [4, 99, 17, 25, 54], [26, 75, 26, 76, 28], [25, 84, 44, 72, 38], [86, 50, 15, 4, 75], [82, 35, 84, 5, 58], [76, 16, 75, 79, 92], [99, 47, 77, 30, 11], [76, 0, 96, 70, 99], [82, 44, 92, 67, 23], [51, 64, 92, 36, 60], [91, 76, 31, 91, 58], [88, 61, 90, 62, 5], [41, 83, 99, 93, 87]]
Tree 12
Points: [[13, 60, 81, 58, 45], [25, 3, 64, 78, 14], [87, 70, 15, 5, 54], [0, 71, 61, 81, 32], [58, 29, 31, 79, 75], [31, 18, 86, 71, 99], [62, 19, 69, 49, 64], [1, 50, 53, 60, 58], [78, 57, 18, 41, 6], [43, 32, 75, 87, 24], [50, 8, 83, 2, 28], [38, 46, 43, 97, 13], [45, 33, 10, 87, 77], [30, 64, 71, 67, 0], [95, 8, 67, 11, 23], [20, 1, 70, 68, 42], [99, 22, 30, 38, 75], [52, 98, 67, 64, 6], [33, 29, 85, 14, 52], [86, 91, 67, 94, 46], [87, 24, 13, 32, 32], [25, 73, 17, 23, 35], [35, 34, 84, 69, 20], [6, 8, 0, 61, 89], [71, 73, 6, 93, 69], [36, 29, 19, 47, 22]]
Traversal: [[43, 32, 75, 87, 24], [35, 34, 84, 69, 20], [20, 1, 70, 68, 42], [6, 8, 0, 61, 89], [36, 29, 19, 47, 22], [25, 3, 64, 78, 14], [31, 18, 86, 71, 99], [33, 29, 85, 14, 52], [0, 71, 61, 81, 32], [1, 50, 53, 60, 58], [25, 73, 17, 23, 35], [38, 46, 43, 97, 13], [30, 64, 71, 67, 0], [13, 60, 81, 58, 45], [45, 33, 10, 87, 77], [95, 8, 67, 11, 23], [99, 22, 30, 38, 75], [87, 24, 13, 32, 32], [58, 29, 31, 79, 75], [62, 19, 69, 49, 64], [50, 8, 83, 2, 28], [78, 57, 18, 41, 6], [71, 73, 6, 93, 69], [87, 70, 15, 5, 54], [86, 91, 67, 94, 46], [52, 98, 67, 64, 6]]
Tree 13
Points: [[7, 56, 93, 84, 72], [18, 22, 22, 85, 46], [39, 56, 34, 60, 98], [80, 13, 28, 59, 13], [33, 26, 77, 57, 74], [87, 85, 91, 55, 85], [95, 82, 91, 90, 23], [71, 13, 20, 94, 35], [74, 35, 69, 37, 22], [33, 18, 0, 31, 30], [45, 2, 21, 18, 80], [99, 12, 72, 90, 60], [99, 9, 31, 49, 63], [47, 0, 45, 54, 84], [92, 38, 36, 30, 33], [99, 26, 46, 18, 88], [88, 78, 92, 41, 19], [2, 42, 49, 29, 65], [21, 81, 89, 78, 86], [79, 82, 11, 54, 24], [69, 6, 61, 41, 60], [47, 12, 12, 45, 37], [82, 73, 72, 53, 40], [8, 0, 32, 12, 20]]
Traversal: [[71, 13, 20, 94, 35], [18, 22, 22, 85, 46], [8, 0, 32, 12, 20], [33, 18, 0, 31, 30], [45, 2, 21, 18, 80], [47, 12, 12, 45, 37], [47, 0, 45, 54, 84], [69, 6, 61, 41, 60], [33, 26, 77, 57, 74], [39, 56, 34, 60, 98], [2, 42, 49, 29, 65], [7, 56, 93, 84, 72], [21, 81, 89, 78, 86], [92, 38, 36, 30, 33], [99, 26, 46, 18, 88], [80, 13, 28, 59, 13], [99, 9, 31, 49, 63], [99, 12, 72, 90, 60], [74, 35, 69, 37, 22], [95, 82, 91, 90, 23], [79, 82, 11, 54, 24], [82, 73, 72, 53, 40], [87, 85, 91, 55, 85], [88, 78, 92, 41, 19]]
Tree 14
Points: [[15, 23, 62, 54, 81], [87, 9, 98, 96, 70], [91, 35, 83, 38, 65], [33, 97, 33, 3, 86], [50, 33, 3, 77, 34], [79, 43, 97, 30, 41], [28, 9, 11, 25, 57], [73, 62, 96, 21, 75], [35, 56, 44, 66, 96], [92, 74, 99, 29, 61], [41, 87, 37, 63, 29], [97, 35, 80, 84, 33], [3, 95, 72, 88, 62], [25, 89, 37, 74, 96], [67, 63, 85, 77, 96], [5, 21, 40, 13, 27], [34, 0, 55, 44, 48], [51, 59, 17, 96, 96], [11, 42, 70, 82, 33], [51, 52, 69, 81, 54], [10, 76, 41, 81, 31], [3, 98, 42, 94, 6], [64, 4, 4, 63, 64], [99, 86, 94, 29, 22], [87, 49, 26, 56, 11], [2, 85, 12, 80, 2]]
Traversal: [[50, 33, 3, 77, 34], [10, 76, 41, 81, 31], [34, 0, 55, 44, 48], [28, 9, 11, 25, 57], [5, 21, 40, 13, 27], [35, 56, 44, 66, 96], [11, 42, 70, 82, 33], [15, 23, 62, 54, 81], [25, 89, 37, 74, 96], [41, 87, 37, 63, 29], [33, 97, 33, 3, 86], [2, 85, 12, 80, 2], [3, 98, 42, 94, 6], [3, 95, 72, 88, 62], [51, 52, 69, 81, 54], [91, 35, 83, 38, 65], [64, 4, 4, 63, 64], [87, 49, 26, 56, 11], [97, 35, 80, 84, 33], [87, 9, 98, 96, 70], [79, 43, 97, 30, 41], [99, 86, 94, 29, 22], [51, 59, 17, 96, 96], [67, 63, 85, 77, 96], [92, 74, 99, 29, 61], [73, 62, 96, 21, 75]]
Tree 15
Points: [[35, 0, 61, 77, 18], [35, 10, 19, 27, 9], [38, 12, 69, 86, 62], [12, 66, 59, 0, 24], [93, 92, 96, 4, 72], [18, 45, 92, 71, 72], [16, 86, 79, 20, 48], [85, 87, 97, 66, 48], [90, 11, 24, 15, 25], [5, 22, 54, 51, 34], [29, 12, 44, 58, 20], [63, 46, 97, 75, 46], [94, 11, 70, 95, 34], [41, 21, 74, 91, 81], [57, 6, 11, 61, 93], [77, 19, 7, 57, 16], [70, 40, 79, 62, 66], [10, 41, 42, 40, 29], [74, 74, 31, 81, 99], [36, 61, 81, 85, 27], [25, 47, 54, 72, 97], [73, 11, 48, 92, 16], [66, 72, 33, 48, 14], [40, 65, 46, 95, 22], [64, 76, 40, 64, 92], [31, 60, 28, 57, 83]]
Traversal: [[41, 21, 74, 91, 81], [18, 45, 92, 71, 72], [5, 22, 54, 51, 34], [10, 41, 42, 40, 29], [35, 10, 19, 27, 9], [29, 12, 44, 58, 20], [38, 12, 69, 86, 62], [35, 0, 61, 77, 18], [12, 66, 59, 0, 24], [25, 47, 54, 72, 97], [31, 60, 28, 57, 83], [40, 65, 46, 95, 22], [36, 61, 81, 85, 27], [16, 86, 79, 20, 48], [63, 46, 97, 75, 46], [73, 11, 48, 92, 16], [77, 19, 7, 57, 16], [90, 11, 24, 15, 25], [57, 6, 11, 61, 93], [94, 11, 70, 95, 34], [70, 40, 79, 62, 66], [64, 76, 40, 64, 92], [74, 74, 31, 81, 99], [66, 72, 33, 48, 14], [85, 87, 97, 66, 48], [93, 92, 96, 4, 72]]
Tree 16
Points: [[96, 43, 68, 81, 93], [26, 89, 82, 51, 84], [47, 57, 41, 71, 98], [28, 32, 12, 88, 71], [73, 60, 39, 45, 33], [94, 99, 60, 34, 66], [29, 39, 63, 22, 99], [53, 64, 26, 68, 43], [47, 9, 70, 29, 5], [1, 86, 26, 93, 5], [16, 26, 44, 26, 78], [88, 8, 19, 93, 59], [75, 46, 21, 66, 61], [57, 26, 53, 68, 22], [82, 38, 65, 4, 19], [91, 7, 93, 98, 88], [57, 76, 69, 44, 13], [38, 79, 0, 51, 68], [45, 22, 30, 32, 95], [45, 3, 60, 35, 19], [98, 17, 3, 60, 72], [65, 15, 8, 52, 22], [10, 44, 12, 3, 22], [12, 25, 53, 90, 40]]
Traversal: [[53, 64, 26, 68, 43], [29, 39, 63, 22, 99], [12, 25, 53, 90, 40], [45, 22, 30, 32, 95], [16, 26, 44, 26, 78], [28, 32, 12, 88, 71], [45, 3, 60, 35, 19], [47, 9, 70, 29, 5], [1, 86, 26, 93, 5], [38, 79, 0, 51, 68], [10, 44, 12, 3, 22], [47, 57, 41, 71, 98], [26, 89, 82, 51, 84], [82, 38, 65, 4, 19], [88, 8, 19, 93, 59], [98, 17, 3, 60, 72], [65, 15, 8, 52, 22], [91, 7, 93, 98, 88], [57, 26, 53, 68, 22], [94, 99, 60, 34, 66], [75, 46, 21, 66, 61], [73, 60, 39, 45, 33], [96, 43, 68, 81, 93], [57, 76, 69, 44, 13]]
Tree 17
Points: [[55, 59, 52, 27, 40], [85, 21, 70, 76, 7], [3, 74, 27, 57, 88], [49, 46, 73, 36, 8], [9, 99, 1, 38, 20], [45, 89, 44, 89, 69], [64, 58, 70, 70, 17], [11, 17, 37, 94, 57], [73, 12, 17, 36, 32], [3, 76, 37, 71, 61], [5, 17, 18, 18, 81], [33, 10, 49, 9, 26], [4, 89, 71, 97, 17], [17, 72, 58, 87, 55], [34, 91, 68, 2, 25], [70, 10, 19, 45, 79], [84, 53, 79, 54, 35], [47, 71, 60, 36, 28], [44, 46, 9, 87, 35], [92, 18, 78, 20, 36], [72, 13, 21, 59, 61]]
Traversal: [[45, 89, 44, 89, 69], [3, 74, 27, 57, 88], [11, 17, 37, 94, 57], [44, 46, 9, 87, 35], [5, 17, 18, 18, 81], [17, 72, 58, 87, 55], [33, 10, 49, 9, 26], [34, 91, 68, 2, 25], [3, 76, 37, 71, 61], [9, 99, 1, 38, 20], [4, 89, 71, 97, 17], [49, 46, 73, 36, 8], [72, 13, 21, 59, 61], [70, 10, 19, 45, 79], [73, 12, 17, 36, 32], [85, 21, 70, 76, 7], [92, 18, 78, 20, 36], [64, 58, 70, 70, 17], [47, 71, 60, 36, 28], [55, 59, 52, 27, 40], [84, 53, 79, 54, 35]]
Tree 18
Points: [[32, 30, 73, 91, 61], [28, 56, 23, 92, 56], [66, 20, 86, 96, 7], [56, 21, 84, 19, 89], [47, 37, 88, 83, 55], [42, 13, 44, 91, 86], [91, 3, 57, 33, 29], [85, 66, 38, 24, 81], [77, 73, 25, 37, 14], [29, 7, 58, 27, 28], [86, 68, 67, 24, 26], [9, 59, 55, 71, 84], [11, 70, 92, 2, 39], [57, 27, 31, 35, 12], [64, 23, 5, 55, 64], [35, 10, 29, 63, 81], [48, 82, 59, 47, 61], [10, 19, 77, 57, 67], [36, 3, 35, 71, 74], [84, 92, 72, 8, 81], [81, 69, 95, 93, 59]]
Traversal: [[48, 82, 59, 47, 61], [32, 30, 73, 91, 61], [42, 13, 44, 91, 86], [36, 3, 35, 71, 74], [35, 10, 29, 63, 81], [10, 19, 77, 57, 67], [29, 7, 58, 27, 28], [47, 37, 88, 83, 55], [28, 56, 23, 92, 56], [9, 59, 55, 71, 84], [11, 70, 92, 2, 39], [85, 66, 38, 24, 81], [91, 3, 57, 33, 29], [64, 23, 5, 55, 64], [57, 27, 31, 35, 12], [66, 20, 86, 96, 7], [56, 21, 84, 19, 89], [84, 92, 72, 8, 81], [77, 73, 25, 37, 14], [86, 68, 67, 24, 26], [81, 69, 95, 93, 59]]
Tree 19
Points: [[57, 86, 99, 50, 99], [80, 27, 96, 47, 66], [11, 82, 88, 24, 0], [60, 72, 87, 1, 93], [47, 50, 81, 83, 89], [69, 85, 34, 97, 38], [91, 49, 4, 83, 51], [33, 85, 4, 51, 89], [71, 56, 36, 51, 95], [61, 61, 66, 57, 25], [12, 61, 5, 35, 94], [52, 9, 49, 81, 56], [29, 75, 61, 34, 43], [33, 28, 22, 89, 91], [17, 33, 97, 89, 84], [7, 64, 12, 71, 44], [87, 38, 2, 59, 73], [30, 62, 50, 26, 12], [18, 29, 58, 38, 70], [66, 49, 77, 51, 80], [31, 8, 31, 25, 18]]
Traversal: [[47, 50, 81, 83, 89], [30, 62, 50, 26, 12], [31, 8, 31, 25, 18], [33, 28, 22, 89, 91], [12, 61, 5, 35, 94], [17, 33, 97, 89, 84], [18, 29, 58, 38, 70], [29, 75, 61, 34, 43], [7, 64, 12, 71, 44], [33, 85, 4, 51, 89], [11, 82, 88, 24, 0], [71, 56, 36, 51, 95], [52, 9, 49, 81, 56], [91, 49, 4, 83, 51], [87, 38, 2, 59, 73], [66, 49, 77, 51, 80], [80, 27, 96, 47, 66], [60, 72, 87, 1, 93], [69, 85, 34, 97, 38], [61, 61, 66, 57, 25], [57, 86, 99, 50, 99]]
Tree 20
Points: [[92, 65, 57, 90, 30], [21, 75, 35, 98, 54], [64, 63, 88, 46, 96], [40, 58, 68, 29, 51], [54, 56, 82, 52, 66], [33, 89, 27, 86, 42], [6, 53, 93, 32, 23], [37, 10, 9, 65, 64], [3, 25, 61, 76, 67], [98, 91, 49, 1, 8], [97, 95, 29, 48, 60], [77, 78, 28, 80, 99], [88, 45, 6, 18, 56], [33, 8, 78, 18, 59], [39, 24, 12, 9, 97], [49, 97, 50, 88, 15], [39, 70, 61, 17, 8], [65, 7, 20, 40, 72], [0, 41, 2, 32, 86], [10, 94, 8, 21, 57], [45, 67, 69, 27, 90], [12, 64, 3, 61, 43], [96, 40, 20, 14, 24], [67, 32, 73, 70, 67]]
Traversal: [[45, 67, 69, 27, 90], [40, 58, 68, 29, 51], [3, 25, 61, 76, 67], [0, 41, 2, 32, 86], [39, 24, 12, 9, 97], [37, 10, 9, 65, 64], [6, 53, 93, 32, 23], [33, 8, 78, 18, 59], [33, 89, 27, 86, 42], [12, 64, 3, 61, 43], [10, 94, 8, 21, 57], [21, 75, 35, 98, 54], [39, 70, 61, 17, 8], [64, 63, 88, 46, 96], [96, 40, 20, 14, 24], [65, 7, 20, 40, 72], [88, 45, 6, 18, 56], [67, 32, 73, 70, 67], [54, 56, 82, 52, 66], [98, 91, 49, 1, 8], [77, 78, 28, 80, 99], [97, 95, 29, 48, 60], [92, 65, 57, 90, 30], [49, 97, 50, 88, 15]]
Tree 21
Points: [[79, 96, 38, 92, 69], [1, 17, 62, 47, 8], [73, 52, 13, 41, 24], [63, 68, 71, 69, 20], [67, 65, 73, 90, 65], [40, 46, 21, 76, 70], [32, 42, 84, 76, 86], [20, 33, 32, 9, 59], [3, 63, 62, 8, 28], [13, 87, 71, 12, 2], [77, 23, 59, 73, 79], [11, 9, 62, 65, 90], [11, 95, 48, 58, 75], [1, 72, 25, 30, 33], [87, 20, 49, 8, 64], [34, 30, 84, 37, 22], [61, 42, 48, 86, 20], [43, 7, 65, 45, 30], [12, 69, 56, 21, 69], [16, 43, 23, 40, 37], [48, 39, 38, 43, 48], [0, 9, 15, 52, 53], [4, 28, 35, 20, 6], [41, 31, 89, 80, 68]]
Traversal: [[34, 30, 84, 37, 22], [16, 43, 23, 40, 37], [11, 9, 62, 65, 90], [4, 28, 35, 20, 6], [20, 33, 32, 9, 59], [0, 9, 15, 52, 53], [32, 42, 84, 76, 86], [1, 17, 62, 47, 8], [12, 69, 56, 21, 69], [11, 95, 48, 58, 75], [1, 72, 25, 30, 33], [13, 87, 71, 12, 2], [3, 63, 62, 8, 28], [61, 42, 48, 86, 20], [77, 23, 59, 73, 79], [48, 39, 38, 43, 48], [87, 20, 49, 8, 64], [41, 31, 89, 80, 68], [43, 7, 65, 45, 30], [79, 96, 38, 92, 69], [40, 46, 21, 76, 70], [73, 52, 13, 41, 24], [67, 65, 73, 90, 65], [63, 68, 71, 69, 20]]
Tree 22
Points: [[17, 65, 89, 47, 86], [42, 22, 81, 67, 19], [46, 29, 68, 84, 30], [44, 79, 33, 4, 83], [37, 52, 64, 17, 17], [39, 18, 5, 98, 3], [58, 0, 35, 25, 84], [93, 65, 14, 44, 4], [70, 17, 93, 61, 56], [1, 16, 66, 78, 49], [24, 69, 21, 8, 72], [33, 69, 96, 0, 43], [6, 14, 37, 92, 80], [53, 29, 82, 93, 3], [74, 41, 39, 96, 32], [28, 14, 95, 98, 62], [61, 99, 67, 13, 18], [81, 61, 34, 98, 83], [68, 75, 21, 3, 34], [83, 90, 72, 78, 35], [76, 81, 87, 81, 96], [49, 11, 66, 22, 68]]
Traversal: [[49, 11, 66, 22, 68], [46, 29, 68, 84, 30], [1, 16, 66, 78, 49], [39, 18, 5, 98, 3], [6, 14, 37, 92, 80], [28, 14, 95, 98, 62], [42, 22, 81, 67, 19], [37, 52, 64, 17, 17], [24, 69, 21, 8, 72], [44, 79, 33, 4, 83], [17, 65, 89, 47, 86], [33, 69, 96, 0, 43], [93, 65, 14, 44, 4], [74, 41, 39, 96, 32], [81, 61, 34, 98, 83], [58, 0, 35, 25, 84], [53, 29, 82, 93, 3], [70, 17, 93, 61, 56], [83, 90, 72, 78, 35], [61, 99, 67, 13, 18], [68, 75, 21, 3, 34], [76, 81, 87, 81, 96]]
Tree 23
Points: [[77, 95, 99, 3, 45], [25, 51, 28, 82, 95], [23, 10, 13, 77, 13], [83, 65, 3, 12, 8], [10, 6, 52, 31, 43], [95, 21, 13, 71, 45], [28, 82, 29, 61, 26], [50, 15, 46, 65, 51], [25, 18, 39, 48, 45], [22, 27, 75, 44, 38], [0, 9, 22, 69, 23], [70, 86, 87, 65, 55], [55, 26, 31, 19, 61], [25, 71, 11, 57, 55], [17, 54, 0, 11, 36], [99, 77, 8, 63, 10], [89, 9, 84, 4, 59], [39, 80, 82, 78, 87], [52, 99, 48, 30, 3], [10, 32, 21, 41, 97], [18, 97, 51, 76, 63], [52, 66, 89, 94, 51]]
Traversal: [[39, 80, 82, 78, 87], [10, 32, 21, 41, 97], [25, 18, 39, 48, 45], [23, 10, 13, 77, 13], [0, 9, 22, 69, 23], [22, 27, 75, 44, 38], [10, 6, 52, 31, 43], [25, 51, 28, 82, 95], [25, 71, 11, 57, 55], [17, 54, 0, 11, 36], [18, 97, 51, 76, 63], [28, 82, 29, 61, 26], [52, 66, 89, 94, 51], [55, 26, 31, 19, 61], [95, 21, 13, 71, 45], [83, 65, 3, 12, 8], [50, 15, 46, 65, 51], [89, 9, 84, 4, 59], [70, 86, 87, 65, 55], [99, 77, 8, 63, 10], [52, 99, 48, 30, 3], [77, 95, 99, 3, 45]]
Tree 24
Points: [[14, 59, 60, 13, 97], [22, 61, 88, 30, 10], [3, 31, 32, 13, 49], [39, 0, 24, 84, 43], [90, 91, 87, 90, 73], [97, 90, 41, 31, 40], [95, 8, 49, 36, 81], [94, 1, 58, 29, 80], [84, 8, 36, 93, 59], [15, 13, 25, 80, 50], [11, 46, 2, 33, 92], [90, 41, 1, 26, 72], [83, 27, 99, 22, 89], [88, 84, 36, 24, 30], [12, 52, 56, 92, 68], [65, 69, 44, 85, 24], [8, 30, 32, 85, 67], [57, 84, 81, 17, 75], [18, 35, 58, 85, 43], [63, 98, 97, 73, 27], [87, 63, 51, 59, 36], [48, 97, 11, 72, 93]]
Traversal: [[63, 98, 97, 73, 27], [11, 46, 2, 33, 92], [8, 30, 32, 85, 67], [39, 0, 24, 84, 43], [15, 13, 25, 80, 50], [18, 35, 58, 85, 43], [3, 31, 32, 13, 49], [14, 59, 60, 13, 97], [12, 52, 56, 92, 68], [48, 97, 11, 72, 93], [22, 61, 88, 30, 10], [57, 84, 81, 17, 75], [87, 63, 51, 59, 36], [95, 8, 49, 36, 81], [84, 8, 36, 93, 59], [90, 41, 1, 26, 72], [94, 1, 58, 29, 80], [83, 27, 99, 22, 89], [65, 69, 44, 85, 24], [97, 90, 41, 31, 40], [88, 84, 36, 24, 30], [90, 91, 87, 90, 73]]
Tree 25
Points: [[47, 14, 94, 31, 87], [63, 43, 21, 2, 26], [9, 1, 56, 67, 81], [1, 30, 34, 97, 47], [48, 10, 6, 5, 42], [70, 38, 5, 60, 30], [59, 8, 63, 81, 86], [3, 15, 94, 6, 93], [22, 10, 28, 7, 91], [83, 2, 71, 76, 51], [19, 94, 30, 27, 15], [47, 23, 58, 94, 83], [8, 13, 38, 38, 2], [42, 51, 68, 38, 69], [59, 63, 53, 62, 33], [88, 92, 85, 44, 14], [68, 81, 79, 25, 63], [36, 12, 38, 59, 93], [30, 98, 83, 83, 31], [75, 7, 69, 77, 62], [98, 46, 32, 32, 28], [12, 93, 74, 55, 73]]
Traversal: [[47, 14, 94, 31, 87], [47, 23, 58, 94, 83], [8, 13, 38, 38, 2], [36, 12, 38, 59, 93], [22, 10, 28, 7, 91], [9, 1, 56, 67, 81], [3, 15, 94, 6, 93], [42, 51, 68, 38, 69], [1, 30, 34, 97, 47], [19, 94, 30, 27, 15], [30, 98, 83, 83, 31], [12, 93, 74, 55, 73], [63, 43, 21, 2, 26], [59, 8, 63, 81, 86], [70, 38, 5, 60, 30], [48, 10, 6, 5, 42], [75, 7, 69, 77, 62], [83, 2, 71, 76, 51], [68, 81, 79, 25, 63], [59, 63, 53, 62, 33], [98, 46, 32, 32, 28], [88, 92, 85, 44, 14]]
Tree 26
Points: [[49, 19, 86, 23, 30], [60, 52, 13, 31, 58], [16, 18, 1, 15, 32], [78, 73, 6, 67, 70], [79, 93, 85, 51, 74], [58, 77, 91, 26, 26], [68, 59, 29, 48, 92], [61, 60, 15, 91, 40], [32, 45, 14, 68, 89], [96, 12, 44, 59, 42], [63, 52, 13, 52, 50], [50, 69, 87, 94, 92], [54, 85, 83, 88, 47], [87, 45, 62, 10, 94], [96, 85, 54, 94, 6], [25, 5, 55, 95, 47], [27, 89, 33, 91, 16], [16, 79, 94, 34, 59], [69, 72, 16, 51, 92], [5, 0, 83, 23, 30], [38, 40, 98, 81, 15], [74, 18, 27, 51, 42], [78, 47, 81, 41, 3], [25, 88, 95, 87, 79]]
Traversal: [[60, 52, 13, 31, 58], [50, 69, 87, 94, 92], [5, 0, 83, 23, 30], [32, 45, 14, 68, 89], [16, 18, 1, 15, 32], [25, 5, 55, 95, 47], [38, 40, 98, 81, 15], [49, 19, 86, 23, 30], [58, 77, 91, 26, 26], [27, 89, 33, 91, 16], [54, 85, 83, 88, 47], [25, 88, 95, 87, 79], [16, 79, 94, 34, 59], [68, 59, 29, 48, 92], [96, 12, 44, 59, 42], [63, 52, 13, 52, 50], [74, 18, 27, 51, 42], [78, 47, 81, 41, 3], [87, 45, 62, 10, 94], [69, 72, 16, 51, 92], [61, 60, 15, 91, 40], [78, 73, 6, 67, 70], [96, 85, 54, 94, 6], [79, 93, 85, 51, 74]]
Tree 27
Points: [[60, 29, 22, 24, 67], [9, 38, 64, 79, 14], [69, 81, 58, 67, 83], [82, 49, 1, 7, 8], [31, 14, 78, 20, 18], [35, 44, 31, 65, 90], [24, 38, 41, 95, 56], [75, 59, 35, 75, 47], [49, 29, 50, 10, 42], [26, 75, 57, 71, 96], [91, 7, 55, 84, 17], [74, 92, 70, 56, 28], [16, 61, 68, 69, 88], [44, 54, 32, 76, 55], [65, 12, 25, 64, 69], [76, 30, 40, 17, 28], [28, 11, 93, 65, 0], [50, 27, 56, 79, 52], [16, 90, 77, 25, 23], [60, 71, 19, 65, 62], [40, 68, 15, 21, 19], [28, 97, 10, 24, 25], [53, 7, 20, 99, 87], [62, 62, 78, 15, 4], [94, 96, 85, 1, 50], [23, 64, 14, 91, 77]]
Traversal: [[50, 27, 56, 79, 52], [44, 54, 32, 76, 55], [9, 38, 64, 79, 14], [35, 44, 31, 65, 90], [49, 29, 50, 10, 42], [24, 38, 41, 95, 56], [28, 11, 93, 65, 0], [31, 14, 78, 20, 18], [26, 75, 57, 71, 96], [28, 97, 10, 24, 25], [40, 68, 15, 21, 19], [23, 64, 14, 91, 77], [16, 61, 68, 69, 88], [16, 90, 77, 25, 23], [75, 59, 35, 75, 47], [65, 12, 25, 64, 69], [60, 29, 22, 24, 67], [82, 49, 1, 7, 8], [53, 7, 20, 99, 87], [91, 7, 55, 84, 17], [76, 30, 40, 17, 28], [74, 92, 70, 56, 28], [69, 81, 58, 67, 83], [60, 71, 19, 65, 62], [62, 62, 78, 15, 4], [94, 96, 85, 1, 50]]
Tree 28
Points: [[52, 98, 76, 2, 97], [78, 17, 44, 71, 27], [23, 99, 65, 71, 57], [75, 57, 10, 8, 14], [93, 95, 26, 51, 41], [80, 41, 45, 95, 26], [69, 77, 9, 21, 2], [32, 68, 40, 6, 65], [53, 52, 62, 63, 76], [58, 45, 86, 76, 16], [67, 86, 24, 5, 84], [10, 60, 89, 26, 25], [94, 25, 69, 27, 64], [33, 2, 73, 78, 61], [39, 23, 52, 69, 34], [95, 2, 78, 27, 27], [64, 85, 17, 72, 8], [45, 13, 20, 21, 87], [1, 38, 56, 75, 24], [93, 31, 21, 92, 76], [92, 65, 95, 54, 10], [92, 48, 21, 75, 4], [78, 53, 99, 55, 42], [95, 43, 72, 22, 39], [40, 34, 35, 52, 95], [59, 36, 49, 18, 53]]
Traversal: [[67, 86, 24, 5, 84], [58, 45, 86, 76, 16], [39, 23, 52, 69, 34], [45, 13, 20, 21, 87], [59, 36, 49, 18, 53], [40, 34, 35, 52, 95], [33, 2, 73, 78, 61], [1, 38, 56, 75, 24], [23, 99, 65, 71, 57], [53, 52, 62, 63, 76], [32, 68, 40, 6, 65], [64, 85, 17, 72, 8], [10, 60, 89, 26, 25], [52, 98, 76, 2, 97], [92, 48, 21, 75, 4], [94, 25, 69, 27, 64], [93, 31, 21, 92, 76], [78, 17, 44, 71, 27], [80, 41, 45, 95, 26], [95, 2, 78, 27, 27], [95, 43, 72, 22, 39], [93, 95, 26, 51, 41], [69, 77, 9, 21, 2], [75, 57, 10, 8, 14], [78, 53, 99, 55, 42], [92, 65, 95, 54, 10]]
Tree 29
Points: [[63, 57, 47, 11, 85], [64, 41, 17, 17, 33], [40, 99, 35, 34, 91], [99, 32, 24, 9, 91], [45, 26, 13, 36, 42], [24, 48, 51, 92, 99], [31, 32, 44, 90, 8], [17, 22, 29, 0, 6], [79, 21, 82, 67, 23], [58, 11, 54, 64, 24], [68, 41, 34, 66, 8], [35, 4, 67, 36, 66], [12, 63, 89, 24, 33], [47, 48, 44, 99, 56], [99, 9, 47, 4, 75], [26, 9, 89, 73, 28], [89, 68, 30, 47, 33], [93, 93, 84, 53, 80], [95, 38, 65, 65, 30], [41, 37, 42, 1, 62], [5, 14, 9, 85, 67], [30, 23, 81, 10, 47], [55, 48, 6, 70, 21], [35, 27, 16, 38, 36], [7, 14, 37, 68, 31], [72, 35, 71, 87, 58], [56, 67, 81, 53, 27]]
Traversal: [[47, 48, 44, 99, 56], [45, 26, 13, 36, 42], [35, 4, 67, 36, 66], [7, 14, 37, 68, 31], [17, 22, 29, 0, 6], [5, 14, 9, 85, 67], [26, 9, 89, 73, 28], [30, 23, 81, 10, 47], [31, 32, 44, 90, 8], [40, 99, 35, 34, 91], [41, 37, 42, 1, 62], [35, 27, 16, 38, 36], [24, 48, 51, 92, 99], [12, 63, 89, 24, 33], [64, 41, 17, 17, 33], [95, 38, 65, 65, 30], [99, 32, 24, 9, 91], [99, 9, 47, 4, 75], [58, 11, 54, 64, 24], [72, 35, 71, 87, 58], [79, 21, 82, 67, 23], [63, 57, 47, 11, 85], [68, 41, 34, 66, 8], [89, 68, 30, 47, 33], [55, 48, 6, 70, 21], [93, 93, 84, 53, 80], [56, 67, 81, 53, 27]]
