Tree 0
Points: [[47, 64, 67, 67, 9], [83, 21, 36, 87, 70], [88, 88, 12, 58, 65], [39, 87, 46, 88, 81], [37, 25, 77, 72, 9], [20, 80, 69, 79, 47], [64, 82, 99, 88, 49], [29, 19, 19, 14, 39], [32, 65, 9, 57, 32]]
Traversal: [[39, 87, 46, 88, 81], [32, 65, 9, 57, 32], [37, 25, 77, 72, 9], [29, 19, 19, 14, 39], [20, 80, 69, 79, 47], [64, 82, 99, 88, 49], [47, 64, 67, 67, 9], [83, 21, 36, 87, 70], [88, 88, 12, 58, 65]]
Tree 1
Points: [[23, 35, 75, 55, 28], [34, 0, 0, 36, 53], [5, 38, 17, 79, 4], [42, 58, 31, 1, 65], [41, 57, 35, 11, 46], [82, 91, 0, 14, 99], [53, 12, 42, 84, 75]]
Traversal: [[41, 57, 35, 11, 46], [23, 35, 75, 55, 28], [34, 0, 0, 36, 53], [5, 38, 17, 79, 4], [42, 58, 31, 1, 65], [53, 12, 42, 84, 75], [82, 91, 0, 14, 99]]
Tree 2
Points: [[6, 68, 47, 3, 76], [52, 78, 15, 20, 99], [58, 23, 79, 13, 85], [48, 49, 69, 41, 35], [64, 95, 69, 94, 0], [50, 36, 34, 48, 93], [3, 98, 42, 77, 21], [73, 0, 10, 43, 58], [23, 59, 2, 98, 62]]
Traversal: [[50, 36, 34, 48, 93], [6, 68, 47, 3, 76], [48, 49, 69, 41, 35], [23, 59, 2, 98, 62], [3, 98, 42, 77, 21], [52, 78, 15, 20, 99], [58, 23, 79, 13, 85], [73, 0, 10, 43, 58], [64, 95, 69, 94, 0]]
Tree 3
Points: [[94, 67, 82, 46, 99], [20, 81, 50, 27, 14], [41, 58, 65, 36, 10], [86, 43, 11, 2, 51], [80, 32, 54, 0, 38], [19, 46, 42, 56, 60], [77, 30, 24, 2, 3], [94, 98, 13, 40, 72]]
Traversal: [[80, 32, 54, 0, 38], [41, 58, 65, 36, 10], [19, 46, 42, 56, 60], [77, 30, 24, 2, 3], [20, 81, 50, 27, 14], [94, 67, 82, 46, 99], [86, 43, 11, 2, 51], [94, 98, 13, 40, 72]]
Tree 4
Points: [[95, 72, 26, 66, 52], [67, 61, 14, 96, 4], [67, 11, 86, 77, 75], [56, 16, 24, 29, 21], [25, 80, 60, 61, 83], [33, 32, 70, 85, 31], [13, 71, 56, 24, 79], [41, 18, 40, 54, 79]]
Traversal: [[56, 16, 24, 29, 21], [13, 71, 56, 24, 79], [33, 32, 70, 85, 31], [41, 18, 40, 54, 79], [25, 80, 60, 61, 83], [67, 61, 14, 96, 4], [67, 11, 86, 77, 75], [95, 72, 26, 66, 52]]
Tree 5
Points: [[38, 93, 1, 95, 44], [88, 24, 67, 82, 3], [76, 35, 86, 61, 69], [87, 43, 32, 11, 84], [10, 54, 37, 28, 2], [27, 83, 89, 23, 53], [51, 46, 20, 53, 29], [67, 35, 39, 9, 73]]
Traversal: [[67, 35, 39, 9, 73], [27, 83, 89, 23, 53], [10, 54, 37, 28, 2], [51, 46, 20, 53, 29], [38, 93, 1, 95, 44], [76, 35, 86, 61, 69], [88, 24, 67, 82, 3], [87, 43, 32, 11, 84]]
Tree 6
Points: [[23, 3, 46, 90, 50], [3, 31, 9, 10, 27], [45, 71, 39, 61, 85], [97, 44, 34, 34, 88], [33, 5, 36, 0, 75], [34, 69, 53, 80, 62]]
Traversal: [[34, 69, 53, 80, 62], [33, 5, 36, 0, 75], [23, 3, 46, 90, 50], [3, 31, 9, 10, 27], [45, 71, 39, 61, 85], [97, 44, 34, 34, 88]]
Tree 7
Points: [[61, 1, 81, 35, 91], [40, 36, 48, 25, 67], [35, 30, 29, 33, 18], [17, 93, 84, 2, 69], [12, 44, 66, 91, 85]]
Traversal: [[35, 30, 29, 33, 18], [17, 93, 84, 2, 69], [12, 44, 66, 91, 85], [40, 36, 48, 25, 67], [61, 1, 81, 35, 91]]
Tree 8
Points: [[22, 30, 17, 70, 71], [18, 92, 43, 83, 49], [41, 93, 46, 21, 73], [89, 96, 91, 73, 28], [81, 58, 0, 86, 63], [16, 36, 94, 24, 63], [67, 51, 8, 56, 91], [93, 87, 32, 19, 72]]
Traversal: [[67, 51, 8, 56, 91], [18, 92, 43, 83, 49], [16, 36, 94, 24, 63], [22, 30, 17, 70, 71], [41, 93, 46, 21, 73], [93, 87, 32, 19, 72], [81, 58, 0, 86, 63], [89, 96, 91, 73, 28]]
Tree 9
Points: [[81, 55, 64, 75, 92], [36, 25, 32, 42, 14], [86, 28, 20, 82, 68], [22, 99, 83, 7, 72], [61, 13, 5, 0, 8], [79, 79, 53, 11, 4], [39, 92, 45, 26, 74]]
Traversal: [[61, 13, 5, 0, 8], [39, 92, 45, 26, 74], [36, 25, 32, 42, 14], [22, 99, 83, 7, 72], [81, 55, 64, 75, 92], [86, 28, 20, 82, 68], [79, 79, 53, 11, 4]]
Tree 10
Points: [[49, 91, 51, 99, 18], [34, 51, 30, 53, 58], [43, 55, 18, 45, 87], [65, 70, 53, 48, 94], [59, 80, 26, 35, 58], [49, 73, 44, 13, 70], [38, 39, 8, 13, 7], [80, 22, 79, 89, 8], [99, 6, 81, 71, 84]]
Traversal: [[49, 73, 44, 13, 70], [43, 55, 18, 45, 87], [34, 51, 30, 53, 58], [38, 39, 8, 13, 7], [49, 91, 51, 99, 18], [65, 70, 53, 48, 94], [99, 6, 81, 71, 84], [80, 22, 79, 89, 8], [59, 80, 26, 35, 58]]
Tree 11
Points: [[66, 60, 16, 56, 23], [24, 4, 49, 87, 30], [54, 25, 20, 97, 57], [23, 27, 29, 33, 53], [51, 86, 7, 9, 54], [0, 83, 36, 81, 20]]
Traversal: [[51, 86, 7, 9, 54], [23, 27, 29, 33, 53], [24, 4, 49, 87, 30], [0, 83, 36, 81, 20], [66, 60, 16, 56, 23], [54, 25, 20, 97, 57]]
Tree 12
Points: [[3, 42, 65, 20, 36], [68, 80, 47, 10, 94], [91, 43, 63, 31, 20], [70, 9, 60, 91, 35], [83, 76, 18, 74, 98]]
Traversal: [[70, 9, 60, 91, 35], [68, 80, 47, 10, 94], [3, 42, 65, 20, 36], [83, 76, 18, 74, 98], [91, 43, 63, 31, 20]]
Tree 13
Points: [[43, 3, 12, 58, 1], [0, 39, 24, 58, 36], [99, 69, 6, 3, 98], [40, 60, 33, 28, 68], [26, 96, 51, 73, 53], [69, 33, 7, 94, 72]]
Traversal: [[43, 3, 12, 58, 1], [40, 60, 33, 28, 68], [0, 39, 24, 58, 36], [26, 96, 51, 73, 53], [99, 69, 6, 3, 98], [69, 33, 7, 94, 72]]
Tree 14
Points: [[7, 67, 85, 91, 67], [84, 71, 83, 95, 0], [5, 91, 30, 73, 83], [7, 21, 92, 8, 43], [46, 0, 51, 38, 89], [74, 98, 87, 96, 83], [26, 78, 32, 70, 97], [44, 59, 57, 50, 45], [4, 57, 93, 91, 17]]
Traversal: [[26, 78, 32, 70, 97], [7, 67, 85, 91, 67], [4, 57, 93, 91, 17], [7, 21, 92, 8, 43], [5, 91, 30, 73, 83], [84, 71, 83, 95, 0], [44, 59, 57, 50, 45], [46, 0, 51, 38, 89], [74, 98, 87, 96, 83]]
Tree 15
Points: [[66, 20, 45, 57, 79], [36, 62, 4, 77, 30], [87, 98, 35, 73, 90], [55, 26, 22, 76, 79], [98, 90, 51, 46, 80], [61, 60, 47, 0, 10], [75, 13, 71, 94, 6], [45, 30, 15, 41, 38]]
Traversal: [[66, 20, 45, 57, 79], [61, 60, 47, 0, 10], [55, 26, 22, 76, 79], [45, 30, 15, 41, 38], [36, 62, 4, 77, 30], [98, 90, 51, 46, 80], [75, 13, 71, 94, 6], [87, 98, 35, 73, 90]]
Tree 16
Points: [[82, 7, 92, 65, 41], [66, 92, 78, 91, 31], [93, 50, 46, 93, 33], [12, 96, 80, 66, 72], [10, 90, 27, 56, 65], [64, 69, 88, 34, 79], [3, 60, 37, 43, 83], [88, 70, 20, 6, 28]]
Traversal: [[66, 92, 78, 91, 31], [10, 90, 27, 56, 65], [64, 69, 88, 34, 79], [3, 60, 37, 43, 83], [12, 96, 80, 66, 72], [93, 50, 46, 93, 33], [82, 7, 92, 65, 41], [88, 70, 20, 6, 28]]
Tree 17
Points: [[6, 66, 92, 92, 69], [73, 54, 77, 21, 31], [81, 35, 8, 25, 21], [45, 86, 16, 25, 37], [1, 5, 70, 12, 90], [74, 54, 78, 62, 72], [71, 45, 5, 47, 59], [42, 67, 10, 57, 91]]
Traversal: [[71, 45, 5, 47, 59], [42, 67, 10, 57, 91], [6, 66, 92, 92, 69], [1, 5, 70, 12, 90], [45, 86, 16, 25, 37], [73, 54, 77, 21, 31], [81, 35, 8, 25, 21], [74, 54, 78, 62, 72]]
Tree 18
Points: [[3, 78, 82, 69, 58], [4, 17, 69, 63, 94], [24, 3, 69, 40, 36], [58, 49, 55, 24, 33], [18, 97, 78, 7, 53], [46, 33, 81, 29, 12]]
Traversal: [[24, 3, 69, 40, 36], [3, 78, 82, 69, 58], [4, 17, 69, 63, 94], [18, 97, 78, 7, 53], [58, 49, 55, 24, 33], [46, 33, 81, 29, 12]]
Tree 19
Points: [[34, 87, 25, 46, 52], [64, 76, 73, 18, 4], [7, 3, 48, 76, 37], [48, 82, 51, 49, 71], [90, 49, 29, 3, 74]]
Traversal: [[48, 82, 51, 49, 71], [34, 87, 25, 46, 52], [7, 3, 48, 76, 37], [64, 76, 73, 18, 4], [90, 49, 29, 3, 74]]
Tree 20
Points: [[65, 20, 80, 42, 28], [26, 87, 52, 48, 66], [9, 2, 89, 90, 68], [10, 12, 97, 37, 39], [32, 33, 26, 99, 89], [50, 88, 82, 20, 94], [28, 72, 18, 25, 24], [39, 28, 24, 18, 67], [44, 83, 45, 54, 0]]
Traversal: [[32, 33, 26, 99, 89], [28, 72, 18, 25, 24], [10, 12, 97, 37, 39], [9, 2, 89, 90, 68], [26, 87, 52, 48, 66], [44, 83, 45, 54, 0], [65, 20, 80, 42, 28], [39, 28, 24, 18, 67], [50, 88, 82, 20, 94]]
Tree 21
Points: [[67, 6, 91, 99, 57], [70, 19, 34, 50, 20], [43, 0, 66, 97, 12], [15, 33, 23, 12, 5], [38, 1, 10, 6, 6], [38, 75, 85, 50, 51], [2, 76, 29, 9, 72]]
Traversal: [[38, 75, 85, 50, 51], [15, 33, 23, 12, 5], [38, 1, 10, 6, 6], [2, 76, 29, 9, 72], [67, 6, 91, 99, 57], [43, 0, 66, 97, 12], [70, 19, 34, 50, 20]]
Tree 22
Points: [[53, 65, 43, 79, 62], [76, 47, 76, 21, 18], [89, 13, 94, 92, 85], [6, 48, 40, 26, 30], [5, 15, 63, 37, 59], [95, 96, 80, 32, 62], [10, 12, 93, 64, 29], [90, 22, 19, 5, 36], [83, 5, 92, 76, 26]]
Traversal: [[76, 47, 76, 21, 18], [6, 48, 40, 26, 30], [10, 12, 93, 64, 29], [5, 15, 63, 37, 59], [53, 65, 43, 79, 62], [90, 22, 19, 5, 36], [89, 13, 94, 92, 85], [83, 5, 92, 76, 26], [95, 96, 80, 32, 62]]
Tree 23
Points: [[83, 12, 7, 52, 80], [29, 0, 87, 79, 74], [3, 61, 67, 16, 73], [84, 56, 62, 56, 48], [17, 57, 9, 62, 79], [78, 33, 4, 16, 71]]
Traversal: [[78, 33, 4, 16, 71], [17, 57, 9, 62, 79], [29, 0, 87, 79, 74], [3, 61, 67, 16, 73], [84, 56, 62, 56, 48], [83, 12, 7, 52, 80]]
Tree 24
Points: [[7, 22, 98, 30, 80], [27, 47, 11, 87, 78], [30, 90, 34, 54, 81], [35, 71, 59, 37, 68], [53, 13, 19, 8, 96], [81, 69, 1, 29, 5], [80, 40, 22, 30, 19], [4, 20, 74, 67, 86]]
Traversal: [[35, 71, 59, 37, 68], [27, 47, 11, 87, 78], [7, 22, 98, 30, 80], [4, 20, 74, 67, 86], [30, 90, 34, 54, 81], [80, 40, 22, 30, 19], [53, 13, 19, 8, 96], [81, 69, 1, 29, 5]]
Tree 25
Points: [[93, 41, 40, 60, 81], [51, 40, 59, 94, 29], [97, 94, 37, 88, 16], [99, 39, 29, 65, 23], [72, 0, 87, 37, 63], [26, 89, 89, 6, 88], [79, 41, 17, 80, 43], [69, 19, 22, 11, 11], [33, 7, 26, 48, 71]]
Traversal: [[72, 0, 87, 37, 63], [51, 40, 59, 94, 29], [33, 7, 26, 48, 71], [69, 19, 22, 11, 11], [26, 89, 89, 6, 88], [93, 41, 40, 60, 81], [99, 39, 29, 65, 23], [79, 41, 17, 80, 43], [97, 94, 37, 88, 16]]
Tree 26
Points: [[82, 87, 21, 2, 8], [10, 5, 38, 38, 65], [59, 36, 5, 5, 38], [35, 88, 49, 79, 84], [9, 4, 49, 24, 94]]
Traversal: [[35, 88, 49, 79, 84], [10, 5, 38, 38, 65], [9, 4, 49, 24, 94], [82, 87, 21, 2, 8], [59, 36, 5, 5, 38]]
Tree 27
Points: [[83, 3, 77, 11, 13], [81, 26, 70, 47, 98], [21, 20, 42, 57, 17], [89, 85, 55, 68, 98], [11, 98, 97, 19, 11], [97, 25, 97, 95, 45], [6, 89, 88, 38, 51]]
Traversal: [[81, 26, 70, 47, 98], [6, 89, 88, 38, 51], [21, 20, 42, 57, 17], [11, 98, 97, 19, 11], [97, 25, 97, 95, 45], [83, 3, 77, 11, 13], [89, 85, 55, 68, 98]]
Tree 28
Points: [[23, 90, 3, 90, 46], [29, 2, 5, 71, 15], [78, 35, 52, 7, 51], [51, 29, 55, 11, 67], [77, 55, 88, 68, 86]]
Traversal: [[51, 29, 55, 11, 67], [23, 90, 3, 90, 46], [29, 2, 5, 71, 15], [77, 55, 88, 68, 86], [78, 35, 52, 7, 51]]
Tree 29
Points: [[93, 11, 78, 82, 89], [3, 37, 7, 29, 78], [11, 73, 11, 16, 60], [63, 59, 1, 18, 53], [28, 64, 85, 88, 73], [8, 82, 11, 92, 51]]
Traversal: [[28, 64, 85, 88, 73], [11, 73, 11, 16, 60], [3, 37, 7, 29, 78], [8, 82, 11, 92, 51], [63, 59, 1, 18, 53], [93, 11, 78, 82, 89]]
