Tree 0
Points: [[75, 56, 43, 24, 81], [21, 94, 18, 63, 89], [29, 37, 49, 40, 95], [11, 56, 63, 14, 32], [65, 65, 36, 25, 76], [72, 50, 12, 24, 19], [67, 10, 7, 52, 92], [14, 72, 46, 99, 35], [81, 23, 61, 53, 12], [45, 7, 47, 39, 94], [19, 50, 65, 43, 82], [78, 89, 56, 72, 50], [34, 90, 11, 11, 36], [49, 76, 81, 95, 74], [48, 74, 11, 93, 34], [74, 76, 39, 10, 2], [75, 46, 51, 41, 91], [3, 16, 63, 64, 13], [38, 4, 3, 19, 81], [16, 71, 24, 11, 22], [60, 91, 2, 8, 72], [89, 38, 52, 97, 88], [63, 21, 4, 31, 75], [37, 7, 22, 42, 59], [95, 54, 73, 51, 82], [23, 83, 25, 57, 69]]
Traversal: [[49, 76, 81, 95, 74], [11, 56, 63, 14, 32], [29, 37, 49, 40, 95], [45, 7, 47, 39, 94], [38, 4, 3, 19, 81], [37, 7, 22, 42, 59], [3, 16, 63, 64, 13], [19, 50, 65, 43, 82], [16, 71, 24, 11, 22], [21, 94, 18, 63, 89], [34, 90, 11, 11, 36], [48, 74, 11, 93, 34], [14, 72, 46, 99, 35], [23, 83, 25, 57, 69], [95, 54, 73, 51, 82], [75, 46, 51, 41, 91], [63, 21, 4, 31, 75], [72, 50, 12, 24, 19], [67, 10, 7, 52, 92], [89, 38, 52, 97, 88], [81, 23, 61, 53, 12], [74, 76, 39, 10, 2], [65, 65, 36, 25, 76], [60, 91, 2, 8, 72], [78, 89, 56, 72, 50], [75, 56, 43, 24, 81]]
Tree 1
Points: [[51, 59, 44, 26, 43], [32, 30, 14, 71, 96], [61, 1, 47, 43, 90], [15, 68, 74, 85, 39], [94, 86, 0, 81, 58], [12, 91, 43, 54, 47], [22, 31, 34, 98, 42], [68, 62, 36, 83, 44], [81, 70, 6, 48, 9], [28, 77, 56, 9, 85], [66, 9, 36, 28, 64], [74, 13, 2, 37, 71], [87, 94, 81, 3, 98], [80, 82, 50, 61, 82], [28, 35, 53, 26, 42], [46, 69, 28, 43, 83], [62, 74, 74, 9, 91], [99, 75, 96, 38, 31], [22, 91, 57, 21, 97], [61, 41, 99, 41, 23], [52, 23, 72, 41, 60], [47, 15, 36, 65, 94], [42, 0, 83, 6, 93], [67, 31, 29, 16, 67], [26, 6, 11, 81, 55], [43, 67, 20, 91, 92], [14, 14, 80, 99, 63], [43, 27, 87, 20, 23], [34, 32, 65, 22, 21]]
Traversal: [[47, 15, 36, 65, 94], [28, 35, 53, 26, 42], [34, 32, 65, 22, 21], [26, 6, 11, 81, 55], [32, 30, 14, 71, 96], [22, 31, 34, 98, 42], [43, 27, 87, 20, 23], [42, 0, 83, 6, 93], [14, 14, 80, 99, 63], [28, 77, 56, 9, 85], [12, 91, 43, 54, 47], [46, 69, 28, 43, 83], [43, 67, 20, 91, 92], [15, 68, 74, 85, 39], [22, 91, 57, 21, 97], [68, 62, 36, 83, 44], [51, 59, 44, 26, 43], [66, 9, 36, 28, 64], [67, 31, 29, 16, 67], [74, 13, 2, 37, 71], [61, 41, 99, 41, 23], [52, 23, 72, 41, 60], [61, 1, 47, 43, 90], [62, 74, 74, 9, 91], [80, 82, 50, 61, 82], [81, 70, 6, 48, 9], [94, 86, 0, 81, 58], [99, 75, 96, 38, 31], [87, 94, 81, 3, 98]]
Tree 2
Points: [[45, 39, 24, 86, 17], [52, 90, 8, 5, 97], [86, 82, 10, 62, 29], [11, 30, 71, 58, 94], [42, 85, 71, 25, 54], [83, 25, 45, 3, 84], [83, 37, 33, 60, 89], [7, 60, 37, 84, 98], [16, 45, 39, 33, 97], [65, 73, 87, 68, 24], [6, 97, 60, 88, 61], [59, 74, 29, 28, 24], [3, 82, 21, 6, 84], [21, 27, 26, 89, 64], [3, 53, 37, 7, 80], [75, 11, 2, 54, 5], [17, 78, 5, 78, 81], [30, 98, 3, 0, 93], [44, 44, 61, 0, 17], [29, 91, 34, 59, 21], [63, 94, 17, 38, 79], [1, 15, 86, 17, 53], [22, 77, 47, 66, 11], [9, 40, 54, 51, 47], [4, 10, 6, 44, 72]]
Traversal: [[29, 91, 34, 59, 21], [3, 53, 37, 7, 80], [9, 40, 54, 51, 47], [4, 10, 6, 44, 72], [16, 45, 39, 33, 97], [21, 27, 26, 89, 64], [11, 30, 71, 58, 94], [1, 15, 86, 17, 53], [7, 60, 37, 84, 98], [17, 78, 5, 78, 81], [3, 82, 21, 6, 84], [6, 97, 60, 88, 61], [22, 77, 47, 66, 11], [59, 74, 29, 28, 24], [83, 25, 45, 3, 84], [83, 37, 33, 60, 89], [75, 11, 2, 54, 5], [45, 39, 24, 86, 17], [65, 73, 87, 68, 24], [44, 44, 61, 0, 17], [86, 82, 10, 62, 29], [52, 90, 8, 5, 97], [30, 98, 3, 0, 93], [63, 94, 17, 38, 79], [42, 85, 71, 25, 54]]
Tree 3
Points: [[72, 18, 2, 69, 93], [29, 27, 17, 58, 11], [49, 72, 88, 3, 11], [57, 50, 15, 57, 3], [60, 39, 85, 29, 53], [67, 56, 75, 79, 45], [90, 79, 97, 11, 5], [30, 58, 68, 59, 32], [37, 43, 60, 45, 29], [27, 27, 29, 72, 75], [97, 78, 38, 11, 74], [89, 32, 50, 40, 70], [30, 22, 75, 35, 84], [68, 63, 4, 49, 29], [63, 61, 91, 83, 90], [26, 73, 50, 95, 94], [17, 71, 56, 35, 73], [92, 47, 48, 71, 67], [71, 62, 72, 37, 5], [97, 55, 92, 46, 38], [49, 8, 65, 66, 62], [16, 61, 66, 11, 31], [10, 20, 14, 52, 71], [29, 5, 14, 79, 51], [32, 23, 91, 6, 73], [65, 75, 87, 70, 40], [60, 36, 12, 35, 62], [69, 62, 58, 76, 18], [0, 1, 84, 77, 90]]
Traversal: [[57, 50, 15, 57, 3], [29, 27, 17, 58, 11], [49, 8, 65, 66, 62], [27, 27, 29, 72, 75], [10, 20, 14, 52, 71], [29, 5, 14, 79, 51], [30, 22, 75, 35, 84], [32, 23, 91, 6, 73], [0, 1, 84, 77, 90], [16, 61, 66, 11, 31], [37, 43, 60, 45, 29], [17, 71, 56, 35, 73], [26, 73, 50, 95, 94], [30, 58, 68, 59, 32], [49, 72, 88, 3, 11], [63, 61, 91, 83, 90], [89, 32, 50, 40, 70], [72, 18, 2, 69, 93], [60, 36, 12, 35, 62], [92, 47, 48, 71, 67], [97, 55, 92, 46, 38], [60, 39, 85, 29, 53], [67, 56, 75, 79, 45], [71, 62, 72, 37, 5], [68, 63, 4, 49, 29], [97, 78, 38, 11, 74], [69, 62, 58, 76, 18], [65, 75, 87, 70, 40], [90, 79, 97, 11, 5]]
Tree 4
Points: [[21, 78, 13, 67, 17], [5, 26, 63, 27, 41], [13, 45, 48, 56, 58], [17, 86, 95, 89, 92], [77, 7, 26, 17, 68], [43, 47, 94, 92, 72], [58, 27, 6, 7, 53], [26, 75, 37, 93, 49], [20, 93, 56, 61, 55], [92, 23, 57, 9, 0], [19, 71, 50, 38, 67], [30, 37, 56, 5, 59], [80, 90, 61, 31, 70], [89, 75, 17, 31, 31], [84, 90, 39, 50, 74], [38, 68, 39, 79, 13], [35, 11, 75, 54, 36], [82, 75, 51, 34, 58], [80, 28, 9, 8, 17], [92, 25, 94, 59, 94], [59, 58, 18, 12, 1]]
Traversal: [[43, 47, 94, 92, 72], [19, 71, 50, 38, 67], [30, 37, 56, 5, 59], [38, 68, 39, 79, 13], [13, 45, 48, 56, 58], [35, 11, 75, 54, 36], [5, 26, 63, 27, 41], [20, 93, 56, 61, 55], [26, 75, 37, 93, 49], [21, 78, 13, 67, 17], [17, 86, 95, 89, 92], [59, 58, 18, 12, 1], [77, 7, 26, 17, 68], [80, 28, 9, 8, 17], [58, 27, 6, 7, 53], [92, 25, 94, 59, 94], [92, 23, 57, 9, 0], [82, 75, 51, 34, 58], [84, 90, 39, 50, 74], [89, 75, 17, 31, 31], [80, 90, 61, 31, 70]]
Tree 5
Points: [[61, 16, 27, 6, 0], [7, 25, 67, 59, 36], [44, 85, 72, 38, 42], [97, 36, 68, 91, 13], [13, 41, 72, 6, 94], [12, 98, 3, 16, 5], [40, 55, 29, 53, 22], [23, 36, 59, 34, 70], [6, 88, 76, 17, 95], [48, 37, 0, 74, 4], [95, 60, 10, 29, 97], [13, 19, 41, 76, 44], [51, 16, 37, 14, 36], [4, 47, 0, 49, 37], [75, 44, 69, 16, 16], [10, 5, 23, 47, 67], [38, 18, 94, 80, 31], [42, 47, 21, 97, 55], [74, 31, 83, 66, 19], [31, 19, 39, 39, 61], [97, 44, 54, 94, 62], [76, 16, 80, 6, 68], [45, 84, 30, 76, 53], [33, 90, 18, 6, 2]]
Traversal: [[42, 47, 21, 97, 55], [13, 41, 72, 6, 94], [23, 36, 59, 34, 70], [10, 5, 23, 47, 67], [31, 19, 39, 39, 61], [13, 19, 41, 76, 44], [38, 18, 94, 80, 31], [7, 25, 67, 59, 36], [33, 90, 18, 6, 2], [4, 47, 0, 49, 37], [12, 98, 3, 16, 5], [40, 55, 29, 53, 22], [6, 88, 76, 17, 95], [48, 37, 0, 74, 4], [97, 36, 68, 91, 13], [51, 16, 37, 14, 36], [61, 16, 27, 6, 0], [74, 31, 83, 66, 19], [76, 16, 80, 6, 68], [97, 44, 54, 94, 62], [45, 84, 30, 76, 53], [95, 60, 10, 29, 97], [44, 85, 72, 38, 42], [75, 44, 69, 16, 16]]
Tree 6
Points: [[45, 21, 69, 49, 25], [12, 52, 70, 47, 73], [10, 72, 90, 16, 95], [94, 38, 48, 60, 6], [70, 1, 63, 65, 21], [46, 0, 86, 36, 26], [20, 84, 34, 61, 30], [27, 73, 72, 52, 84], [23, 62, 48, 59, 43], [42, 13, 9, 27, 90], [34, 70, 41, 37, 6], [58, 85, 3, 75, 11], [29, 78, 83, 26, 80], [35, 52, 17, 80, 10], [60, 73, 99, 25, 26], [51, 79, 27, 4, 85], [53, 23, 22, 92, 43], [6, 13, 77, 17, 40], [94, 68, 18, 2, 27], [8, 79, 51, 87, 47], [63, 30, 13, 92, 46], [14, 46, 45, 97, 4], [10, 63, 18, 72, 58], [73, 13, 12, 29, 78], [77, 9, 46, 60, 76], [29, 75, 24, 59, 72]]
Traversal: [[42, 13, 9, 27, 90], [34, 70, 41, 37, 6], [23, 62, 48, 59, 43], [35, 52, 17, 80, 10], [10, 63, 18, 72, 58], [14, 46, 45, 97, 4], [12, 52, 70, 47, 73], [6, 13, 77, 17, 40], [27, 73, 72, 52, 84], [20, 84, 34, 61, 30], [29, 75, 24, 59, 72], [8, 79, 51, 87, 47], [29, 78, 83, 26, 80], [10, 72, 90, 16, 95], [63, 30, 13, 92, 46], [70, 1, 63, 65, 21], [77, 9, 46, 60, 76], [73, 13, 12, 29, 78], [53, 23, 22, 92, 43], [45, 21, 69, 49, 25], [46, 0, 86, 36, 26], [51, 79, 27, 4, 85], [58, 85, 3, 75, 11], [94, 68, 18, 2, 27], [94, 38, 48, 60, 6], [60, 73, 99, 25, 26]]
Tree 7
Points: [[32, 80, 11, 15, 25], [21, 22, 81, 92, 91], [72, 91, 92, 99, 30], [41, 9, 52, 43, 81], [50, 16, 64, 26, 7], [54, 82, 58, 75, 57], [58, 76, 13, 72, 18], [17, 42, 44, 98, 75], [87, 70, 78, 46, 54], [50, 43, 65, 78, 6], [47, 44, 9, 3, 9], [34, 94, 1, 38, 78], [80, 94, 50, 13, 86], [46, 99, 87, 37, 93], [90, 82, 86, 6, 74], [43, 1, 73, 90, 48], [79, 17, 19, 19, 65], [27, 35, 9, 13, 53], [70, 88, 10, 43, 5], [40, 15, 14, 85, 0], [35, 97, 14, 6, 88], [3, 68, 95, 27, 67], [34, 41, 13, 17, 40], [74, 38, 42, 67, 27], [60, 15, 34, 50, 44], [84, 52, 25, 75, 44], [81, 5, 83, 71, 68]]
Traversal: [[50, 43, 65, 78, 6], [17, 42, 44, 98, 75], [41, 9, 52, 43, 81], [34, 41, 13, 17, 40], [27, 35, 9, 13, 53], [40, 15, 14, 85, 0], [21, 22, 81, 92, 91], [43, 1, 73, 90, 48], [35, 97, 14, 6, 88], [32, 80, 11, 15, 25], [47, 44, 9, 3, 9], [34, 94, 1, 38, 78], [46, 99, 87, 37, 93], [3, 68, 95, 27, 67], [87, 70, 78, 46, 54], [74, 38, 42, 67, 27], [60, 15, 34, 50, 44], [79, 17, 19, 19, 65], [84, 52, 25, 75, 44], [81, 5, 83, 71, 68], [50, 16, 64, 26, 7], [54, 82, 58, 75, 57], [70, 88, 10, 43, 5], [80, 94, 50, 13, 86], [58, 76, 13, 72, 18], [72, 91, 92, 99, 30], [90, 82, 86, 6, 74]]
Tree 8
Points: [[91, 32, 41, 82, 29], [13, 9, 54, 8, 25], [33, 17, 47, 16, 49], [62, 71, 94, 80, 86], [37, 9, 46, 12, 88], [22, 56, 78, 45, 33], [62, 4, 69, 76, 41], [12, 0, 69, 22, 97], [49, 65, 10, 70, 16], [71, 27, 38, 84, 41], [82, 70, 38, 34, 74], [40, 40, 27, 94, 36], [98, 59, 89, 27, 56], [58, 31, 48, 3, 64], [37, 39, 12, 84, 75], [76, 91, 47, 57, 21], [12, 17, 39, 31, 29], [55, 65, 37, 0, 23], [13, 8, 84, 53, 82], [80, 13, 8, 6, 27], [37, 35, 40, 26, 94], [76, 57, 45, 80, 58], [23, 72, 80, 18, 74]]
Traversal: [[49, 65, 10, 70, 16], [33, 17, 47, 16, 49], [13, 9, 54, 8, 25], [12, 17, 39, 31, 29], [37, 9, 46, 12, 88], [13, 8, 84, 53, 82], [12, 0, 69, 22, 97], [37, 35, 40, 26, 94], [40, 40, 27, 94, 36], [37, 39, 12, 84, 75], [22, 56, 78, 45, 33], [23, 72, 80, 18, 74], [76, 57, 45, 80, 58], [91, 32, 41, 82, 29], [71, 27, 38, 84, 41], [80, 13, 8, 6, 27], [62, 4, 69, 76, 41], [58, 31, 48, 3, 64], [76, 91, 47, 57, 21], [82, 70, 38, 34, 74], [55, 65, 37, 0, 23], [62, 71, 94, 80, 86], [98, 59, 89, 27, 56]]
Tree 9
Points: [[88, 64, 3, 90, 20], [47, 62, 97, 24, 82], [40, 9, 72, 71, 92], [41, 19, 86, 67, 78], [66, 87, 24, 84, 35], [46, 32, 34, 42, 92], [37, 82, 55, 35, 99], [65, 93, 20, 99, 46], [98, 91, 62, 62, 78], [30, 91, 51, 4, 68], [6, 41, 3, 39, 27], [13, 44, 0, 74, 93], [78, 0, 0, 96, 11], [29, 5, 69, 57, 30], [18, 16, 81, 75, 9], [9, 90, 76, 64, 28], [77, 87, 58, 48, 27], [25, 84, 76, 24, 5], [34, 76, 59, 43, 79], [59, 21, 12, 98, 5], [20, 31, 98, 23, 19], [85, 47, 6, 68, 73], [24, 47, 32, 74, 90], [91, 16, 98, 22, 28], [28, 78, 89, 5, 66], [35, 75, 51, 77, 99], [56, 95, 94, 5, 29]]
Traversal: [[40, 9, 72, 71, 92], [35, 75, 51, 77, 99], [29, 5, 69, 57, 30], [13, 44, 0, 74, 93], [6, 41, 3, 39, 27], [24, 47, 32, 74, 90], [18, 16, 81, 75, 9], [20, 31, 98, 23, 19], [25, 84, 76, 24, 5], [37, 82, 55, 35, 99], [30, 91, 51, 4, 68], [34, 76, 59, 43, 79], [9, 90, 76, 64, 28], [28, 78, 89, 5, 66], [47, 62, 97, 24, 82], [46, 32, 34, 42, 92], [78, 0, 0, 96, 11], [85, 47, 6, 68, 73], [59, 21, 12, 98, 5], [41, 19, 86, 67, 78], [91, 16, 98, 22, 28], [77, 87, 58, 48, 27], [88, 64, 3, 90, 20], [66, 87, 24, 84, 35], [65, 93, 20, 99, 46], [98, 91, 62, 62, 78], [56, 95, 94, 5, 29]]
Tree 10
Points: [[65, 61, 26, 28, 39], [97, 47, 32, 4, 54], [0, 11, 51, 99, 68], [26, 15, 92, 16, 70], [95, 2, 17, 65, 32], [97, 38, 68, 94, 4], [79, 21, 10, 16, 2], [46, 61, 46, 32, 23], [61, 1, 36, 89, 8], [47, 91, 0, 35, 26], [62, 52, 22, 31, 1], [93, 3, 3, 98, 36], [42, 20, 5, 88, 83], [54, 3, 83, 23, 48], [94, 30, 89, 7, 42], [12, 4, 27, 76, 74], [43, 53, 10, 43, 6], [71, 0, 51, 34, 96], [23, 64, 71, 30, 18], [32, 2, 38, 12, 64], [72, 3, 13, 90, 3], [70, 6, 20, 58, 2], [85, 47, 52, 58, 82], [80, 57, 43, 33, 69], [93, 79, 89, 24, 60], [64, 61, 77, 12, 70]]
Traversal: [[65, 61, 26, 28, 39], [42, 20, 5, 88, 83], [0, 11, 51, 99, 68], [12, 4, 27, 76, 74], [32, 2, 38, 12, 64], [61, 1, 36, 89, 8], [54, 3, 83, 23, 48], [26, 15, 92, 16, 70], [46, 61, 46, 32, 23], [47, 91, 0, 35, 26], [62, 52, 22, 31, 1], [43, 53, 10, 43, 6], [23, 64, 71, 30, 18], [64, 61, 77, 12, 70], [94, 30, 89, 7, 42], [95, 2, 17, 65, 32], [72, 3, 13, 90, 3], [79, 21, 10, 16, 2], [93, 3, 3, 98, 36], [70, 6, 20, 58, 2], [71, 0, 51, 34, 96], [85, 47, 52, 58, 82], [80, 57, 43, 33, 69], [97, 47, 32, 4, 54], [97, 38, 68, 94, 4], [93, 79, 89, 24, 60]]
Tree 11
Points: [[49, 3, 32, 49, 99], [13, 75, 17, 68, 87], [47, 74, 38, 48, 36], [93, 25, 35, 71, 64], [64, 8, 67, 6, 7], [51, 77, 82, 17, 3], [8, 47, 43, 61, 3], [44, 75, 49, 50, 10], [43, 79, 91, 62, 99], [82, 62, 35, 85, 28], [59, 97, 89, 74, 1], [21, 25, 10, 41, 13], [51, 66, 82, 84, 7], [40, 56, 85, 37, 46], [83, 90, 55, 6, 0], [8, 85, 37, 67, 46], [41, 92, 63, 57, 39], [65, 51, 61, 69, 58], [91, 95, 40, 73, 53], [7, 99, 47, 69, 41], [28, 85, 11, 3, 18], [35, 46, 17, 27, 54]]
Traversal: [[47, 74, 38, 48, 36], [44, 75, 49, 50, 10], [13, 75, 17, 68, 87], [21, 25, 10, 41, 13], [35, 46, 17, 27, 54], [8, 47, 43, 61, 3], [40, 56, 85, 37, 46], [7, 99, 47, 69, 41], [8, 85, 37, 67, 46], [28, 85, 11, 3, 18], [43, 79, 91, 62, 99], [41, 92, 63, 57, 39], [51, 66, 82, 84, 7], [82, 62, 35, 85, 28], [93, 25, 35, 71, 64], [49, 3, 32, 49, 99], [65, 51, 61, 69, 58], [64, 8, 67, 6, 7], [51, 77, 82, 17, 3], [91, 95, 40, 73, 53], [83, 90, 55, 6, 0], [59, 97, 89, 74, 1]]
Tree 12
Points: [[71, 71, 43, 44, 46], [34, 33, 74, 69, 92], [46, 32, 83, 39, 30], [95, 47, 1, 32, 63], [45, 55, 64, 85, 22], [27, 5, 35, 35, 67], [28, 91, 9, 43, 3], [11, 51, 86, 4, 29], [60, 44, 2, 94, 69], [47, 76, 17, 79, 56], [41, 24, 85, 3, 60], [46, 31, 70, 51, 97], [47, 11, 62, 8, 62], [3, 55, 54, 41, 54], [25, 6, 71, 63, 93], [69, 38, 67, 7, 43], [23, 88, 29, 51, 17], [56, 43, 33, 48, 78], [42, 80, 1, 53, 64], [56, 15, 80, 72, 20], [61, 63, 54, 43, 25], [0, 49, 39, 2, 70], [3, 30, 13, 20, 75], [11, 5, 16, 77, 62]]
Traversal: [[45, 55, 64, 85, 22], [0, 49, 39, 2, 70], [25, 6, 71, 63, 93], [27, 5, 35, 35, 67], [3, 30, 13, 20, 75], [11, 5, 16, 77, 62], [34, 33, 74, 69, 92], [41, 24, 85, 3, 60], [23, 88, 29, 51, 17], [42, 80, 1, 53, 64], [28, 91, 9, 43, 3], [3, 55, 54, 41, 54], [11, 51, 86, 4, 29], [56, 43, 33, 48, 78], [46, 31, 70, 51, 97], [47, 11, 62, 8, 62], [69, 38, 67, 7, 43], [56, 15, 80, 72, 20], [46, 32, 83, 39, 30], [47, 76, 17, 79, 56], [60, 44, 2, 94, 69], [95, 47, 1, 32, 63], [71, 71, 43, 44, 46], [61, 63, 54, 43, 25]]
Tree 13
Points: [[27, 6, 42, 4, 15], [60, 0, 39, 37, 6], [93, 58, 25, 76, 64], [62, 52, 50, 49, 28], [71, 65, 50, 7, 26], [40, 61, 48, 22, 14], [63, 95, 85, 52, 7], [36, 80, 70, 20, 38], [4, 16, 98, 56, 14], [15, 88, 14, 10, 4], [84, 52, 75, 53, 93], [67, 44, 90, 91, 2], [60, 66, 23, 28, 53], [18, 59, 65, 68, 36], [81, 24, 89, 76, 34], [85, 56, 63, 73, 36], [41, 6, 17, 31, 6], [50, 16, 30, 28, 75], [32, 89, 38, 29, 2], [83, 76, 18, 64, 41], [22, 17, 42, 4, 4], [18, 69, 14, 10, 50], [93, 83, 34, 3, 8], [90, 82, 68, 7, 93], [35, 79, 46, 45, 67], [58, 3, 70, 66, 24], [55, 59, 35, 3, 71], [27, 66, 71, 10, 63], [5, 40, 86, 52, 43]]
Traversal: [[55, 59, 35, 3, 71], [40, 61, 48, 22, 14], [22, 17, 42, 4, 4], [50, 16, 30, 28, 75], [27, 6, 42, 4, 15], [41, 6, 17, 31, 6], [4, 16, 98, 56, 14], [5, 40, 86, 52, 43], [18, 59, 65, 68, 36], [35, 79, 46, 45, 67], [15, 88, 14, 10, 4], [18, 69, 14, 10, 50], [32, 89, 38, 29, 2], [36, 80, 70, 20, 38], [27, 66, 71, 10, 63], [93, 58, 25, 76, 64], [58, 3, 70, 66, 24], [62, 52, 50, 49, 28], [60, 0, 39, 37, 6], [85, 56, 63, 73, 36], [81, 24, 89, 76, 34], [84, 52, 75, 53, 93], [67, 44, 90, 91, 2], [71, 65, 50, 7, 26], [60, 66, 23, 28, 53], [93, 83, 34, 3, 8], [83, 76, 18, 64, 41], [63, 95, 85, 52, 7], [90, 82, 68, 7, 93]]
Tree 14
Points: [[6, 28, 5, 74, 7], [29, 82, 47, 60, 63], [66, 41, 29, 96, 49], [60, 52, 25, 36, 19], [96, 91, 26, 56, 56], [28, 45, 87, 82, 5], [65, 85, 34, 1, 93], [98, 14, 30, 9, 54], [27, 7, 76, 93, 36], [38, 92, 85, 87, 37], [20, 13, 40, 50, 54], [65, 72, 58, 73, 49], [17, 49, 89, 87, 57], [74, 90, 13, 31, 21], [97, 1, 96, 43, 55], [70, 34, 94, 46, 90], [17, 12, 52, 47, 39], [48, 55, 25, 64, 60], [30, 92, 87, 79, 38], [86, 48, 7, 37, 66], [77, 20, 46, 93, 32], [52, 55, 19, 56, 22]]
Traversal: [[60, 52, 25, 36, 19], [17, 49, 89, 87, 57], [17, 12, 52, 47, 39], [6, 28, 5, 74, 7], [20, 13, 40, 50, 54], [27, 7, 76, 93, 36], [28, 45, 87, 82, 5], [29, 82, 47, 60, 63], [48, 55, 25, 64, 60], [52, 55, 19, 56, 22], [38, 92, 85, 87, 37], [30, 92, 87, 79, 38], [86, 48, 7, 37, 66], [77, 20, 46, 93, 32], [66, 41, 29, 96, 49], [98, 14, 30, 9, 54], [70, 34, 94, 46, 90], [97, 1, 96, 43, 55], [65, 85, 34, 1, 93], [96, 91, 26, 56, 56], [74, 90, 13, 31, 21], [65, 72, 58, 73, 49]]
Tree 15
Points: [[60, 34, 61, 54, 38], [85, 92, 48, 34, 61], [65, 54, 17, 52, 34], [43, 13, 17, 31, 21], [98, 1, 69, 47, 38], [63, 31, 92, 68, 37], [7, 67, 54, 21, 21], [57, 90, 66, 92, 47], [32, 33, 99, 58, 32], [17, 9, 99, 44, 86], [5, 86, 9, 65, 61], [5, 68, 7, 54, 19], [51, 38, 13, 11, 87], [54, 53, 75, 40, 95], [3, 61, 2, 71, 2], [25, 46, 5, 16, 8], [81, 92, 78, 56, 6], [77, 56, 92, 3, 59], [4, 0, 75, 38, 6], [20, 70, 16, 64, 67], [69, 61, 39, 59, 80], [89, 94, 27, 75, 64], [33, 25, 52, 14, 48], [34, 40, 50, 62, 43], [38, 19, 42, 98, 21], [20, 90, 35, 27, 3], [89, 7, 4, 4, 53]]
Traversal: [[43, 13, 17, 31, 21], [25, 46, 5, 16, 8], [4, 0, 75, 38, 6], [34, 40, 50, 62, 43], [33, 25, 52, 14, 48], [38, 19, 42, 98, 21], [32, 33, 99, 58, 32], [17, 9, 99, 44, 86], [20, 70, 16, 64, 67], [5, 86, 9, 65, 61], [5, 68, 7, 54, 19], [3, 61, 2, 71, 2], [20, 90, 35, 27, 3], [7, 67, 54, 21, 21], [65, 54, 17, 52, 34], [98, 1, 69, 47, 38], [51, 38, 13, 11, 87], [89, 7, 4, 4, 53], [60, 34, 61, 54, 38], [63, 31, 92, 68, 37], [54, 53, 75, 40, 95], [57, 90, 66, 92, 47], [69, 61, 39, 59, 80], [85, 92, 48, 34, 61], [89, 94, 27, 75, 64], [81, 92, 78, 56, 6], [77, 56, 92, 3, 59]]
Tree 16
Points: [[33, 49, 74, 23, 57], [96, 77, 21, 92, 23], [5, 61, 2, 0, 9], [71, 29, 21, 80, 78], [83, 37, 90, 76, 79], [83, 18, 66, 16, 75], [99, 9, 73, 30, 22], [20, 83, 68, 79, 33], [64, 15, 77, 9, 49], [10, 34, 39, 48, 44], [1, 72, 0, 11, 26], [94, 42, 19, 85, 1], [60, 82, 92, 62, 11], [49, 63, 9, 24, 68], [26, 52, 54, 85, 78], [29, 1, 78, 0, 15], [33, 32, 69, 30, 47], [58, 73, 7, 30, 85], [30, 41, 8, 65, 85], [8, 49, 64, 91, 50], [48, 89, 29, 71, 26], [95, 14, 19, 8, 39], [29, 23, 77, 40, 1], [89, 88, 30, 41, 80], [62, 75, 71, 85, 88]]
Traversal: [[49, 63, 9, 24, 68], [33, 49, 74, 23, 57], [33, 32, 69, 30, 47], [30, 41, 8, 65, 85], [10, 34, 39, 48, 44], [8, 49, 64, 91, 50], [29, 23, 77, 40, 1], [29, 1, 78, 0, 15], [48, 89, 29, 71, 26], [1, 72, 0, 11, 26], [5, 61, 2, 0, 9], [26, 52, 54, 85, 78], [20, 83, 68, 79, 33], [94, 42, 19, 85, 1], [99, 9, 73, 30, 22], [83, 18, 66, 16, 75], [95, 14, 19, 8, 39], [71, 29, 21, 80, 78], [83, 37, 90, 76, 79], [64, 15, 77, 9, 49], [89, 88, 30, 41, 80], [96, 77, 21, 92, 23], [58, 73, 7, 30, 85], [62, 75, 71, 85, 88], [60, 82, 92, 62, 11]]
Tree 17
Points: [[43, 59, 36, 32, 73], [16, 35, 3, 39, 37], [3, 40, 58, 99, 1], [3, 11, 3, 59, 12], [96, 39, 50, 0, 54], [54, 87, 71, 59, 65], [98, 13, 56, 30, 85], [81, 23, 35, 33, 6], [24, 34, 57, 73, 24], [93, 5, 48, 25, 68], [38, 0, 59, 78, 73], [50, 28, 15, 66, 36], [7, 81, 31, 43, 41], [79, 28, 54, 52, 42], [31, 86, 57, 23, 68], [64, 17, 70, 68, 75], [96, 80, 2, 74, 39], [38, 54, 0, 9, 75], [44, 52, 81, 47, 69], [48, 38, 36, 4, 75], [39, 93, 62, 45, 75], [42, 32, 1, 47, 34], [42, 42, 74, 42, 46], [79, 90, 40, 80, 43], [92, 64, 63, 44, 2], [22, 24, 44, 83, 94]]
Traversal: [[44, 52, 81, 47, 69], [3, 40, 58, 99, 1], [22, 24, 44, 83, 94], [42, 32, 1, 47, 34], [16, 35, 3, 39, 37], [3, 11, 3, 59, 12], [38, 0, 59, 78, 73], [24, 34, 57, 73, 24], [31, 86, 57, 23, 68], [43, 59, 36, 32, 73], [38, 54, 0, 9, 75], [7, 81, 31, 43, 41], [39, 93, 62, 45, 75], [42, 42, 74, 42, 46], [48, 38, 36, 4, 75], [79, 28, 54, 52, 42], [81, 23, 35, 33, 6], [93, 5, 48, 25, 68], [50, 28, 15, 66, 36], [64, 17, 70, 68, 75], [98, 13, 56, 30, 85], [96, 39, 50, 0, 54], [79, 90, 40, 80, 43], [96, 80, 2, 74, 39], [54, 87, 71, 59, 65], [92, 64, 63, 44, 2]]
Tree 18
Points: [[83, 99, 53, 62, 29], [84, 8, 74, 41, 34], [46, 61, 75, 72, 55], [85, 68, 47, 7, 56], [85, 86, 70, 19, 43], [70, 96, 86, 21, 11], [43, 67, 96, 29, 21], [81, 69, 91, 1, 33], [40, 43, 51, 94, 82], [54, 79, 51, 45, 93], [4, 56, 48, 20, 16], [53, 85, 66, 20, 56], [24, 43, 84, 63, 15], [97, 24, 88, 91, 61], [3, 19, 12, 44, 74], [9, 63, 92, 46, 95], [87, 13, 69, 45, 7], [41, 16, 50, 39, 35], [28, 81, 37, 1, 81], [30, 34, 3, 33, 43], [89, 1, 98, 56, 49], [40, 82, 41, 54, 85], [47, 92, 65, 41, 38], [12, 79, 28, 25, 53], [86, 63, 91, 77, 33], [78, 8, 68, 46, 85], [45, 92, 22, 14, 0], [50, 54, 50, 9, 33]]
Traversal: [[50, 54, 50, 9, 33], [9, 63, 92, 46, 95], [41, 16, 50, 39, 35], [30, 34, 3, 33, 43], [4, 56, 48, 20, 16], [3, 19, 12, 44, 74], [46, 61, 75, 72, 55], [24, 43, 84, 63, 15], [40, 43, 51, 94, 82], [40, 82, 41, 54, 85], [45, 92, 22, 14, 0], [28, 81, 37, 1, 81], [12, 79, 28, 25, 53], [47, 92, 65, 41, 38], [43, 67, 96, 29, 21], [85, 68, 47, 7, 56], [97, 24, 88, 91, 61], [87, 13, 69, 45, 7], [84, 8, 74, 41, 34], [78, 8, 68, 46, 85], [86, 63, 91, 77, 33], [89, 1, 98, 56, 49], [85, 86, 70, 19, 43], [54, 79, 51, 45, 93], [53, 85, 66, 20, 56], [83, 99, 53, 62, 29], [70, 96, 86, 21, 11], [81, 69, 91, 1, 33]]
Tree 19
Points: [[40, 40, 7, 26, 29], [50, 57, 17, 10, 43], [62, 97, 65, 19, 93], [6, 5, 68, 66, 40], [80, 71, 40, 24, 87], [52, 22, 41, 6, 78], [51, 39, 24, 31, 20], [18, 35, 96, 84, 88], [96, 91, 44, 82, 22], [98, 31, 50, 18, 78], [7, 11, 63, 74, 57], [58, 38, 41, 86, 64], [34, 81, 42, 52, 70], [3, 40, 91, 76, 39], [85, 25, 0, 34, 65], [43, 37, 89, 87, 42], [68, 52, 71, 93, 1], [23, 87, 88, 89, 69], [22, 80, 95, 64, 67], [97, 31, 70, 52, 64], [8, 24, 70, 75, 68], [62, 71, 25, 51, 42], [5, 37, 4, 62, 42], [12, 16, 57, 69, 13], [11, 86, 39, 0, 24]]
Traversal: [[43, 37, 89, 87, 42], [3, 40, 91, 76, 39], [6, 5, 68, 66, 40], [12, 16, 57, 69, 13], [5, 37, 4, 62, 42], [7, 11, 63, 74, 57], [18, 35, 96, 84, 88], [8, 24, 70, 75, 68], [34, 81, 42, 52, 70], [40, 40, 7, 26, 29], [11, 86, 39, 0, 24], [23, 87, 88, 89, 69], [22, 80, 95, 64, 67], [68, 52, 71, 93, 1], [58, 38, 41, 86, 64], [51, 39, 24, 31, 20], [52, 22, 41, 6, 78], [85, 25, 0, 34, 65], [97, 31, 70, 52, 64], [98, 31, 50, 18, 78], [80, 71, 40, 24, 87], [62, 71, 25, 51, 42], [50, 57, 17, 10, 43], [96, 91, 44, 82, 22], [62, 97, 65, 19, 93]]
Tree 20
Points: [[27, 30, 88, 92, 24], [94, 52, 32, 62, 61], [99, 86, 47, 8, 3], [52, 78, 60, 59, 81], [59, 83, 88, 88, 99], [65, 76, 84, 7, 86], [44, 79, 32, 33, 77], [1, 3, 39, 62, 62], [27, 58, 98, 47, 25], [80, 73, 25, 64, 15], [80, 7, 23, 40, 38], [37, 68, 98, 86, 60], [49, 30, 97, 91, 71], [77, 89, 37, 31, 49], [47, 53, 8, 18, 84], [25, 39, 93, 2, 50], [81, 97, 3, 26, 53], [88, 63, 94, 57, 65], [82, 71, 43, 69, 58], [40, 19, 34, 85, 88], [94, 65, 0, 88, 47]]
Traversal: [[59, 83, 88, 88, 99], [47, 53, 8, 18, 84], [27, 30, 88, 92, 24], [40, 19, 34, 85, 88], [1, 3, 39, 62, 62], [49, 30, 97, 91, 71], [25, 39, 93, 2, 50], [27, 58, 98, 47, 25], [52, 78, 60, 59, 81], [44, 79, 32, 33, 77], [37, 68, 98, 86, 60], [80, 73, 25, 64, 15], [94, 52, 32, 62, 61], [94, 65, 0, 88, 47], [80, 7, 23, 40, 38], [82, 71, 43, 69, 58], [88, 63, 94, 57, 65], [99, 86, 47, 8, 3], [77, 89, 37, 31, 49], [81, 97, 3, 26, 53], [65, 76, 84, 7, 86]]
Tree 21
Points: [[4, 64, 36, 60, 50], [55, 84, 68, 5, 61], [78, 22, 79, 83, 76], [61, 39, 32, 57, 30], [84, 20, 58, 69, 74], [88, 75, 21, 70, 65], [52, 13, 79, 43, 85], [67, 93, 9, 54, 88], [55, 55, 56, 49, 20], [37, 53, 61, 83, 40], [67, 37, 3, 84, 38], [94, 33, 89, 41, 22], [66, 57, 27, 58, 28], [60, 99, 47, 33, 25], [74, 72, 81, 89, 7], [51, 29, 39, 41, 20], [33, 10, 76, 47, 2], [96, 88, 53, 69, 19], [0, 17, 87, 84, 58], [36, 12, 44, 79, 37], [24, 45, 52, 84, 60], [7, 23, 20, 69, 7], [36, 9, 69, 25, 33], [84, 64, 33, 83, 73], [2, 16, 87, 61, 58], [25, 42, 80, 17, 40], [60, 81, 41, 38, 76], [70, 24, 33, 78, 69], [9, 37, 11, 25, 16]]
Traversal: [[55, 84, 68, 5, 61], [51, 29, 39, 41, 20], [33, 10, 76, 47, 2], [7, 23, 20, 69, 7], [36, 9, 69, 25, 33], [36, 12, 44, 79, 37], [2, 16, 87, 61, 58], [52, 13, 79, 43, 85], [0, 17, 87, 84, 58], [55, 55, 56, 49, 20], [4, 64, 36, 60, 50], [9, 37, 11, 25, 16], [24, 45, 52, 84, 60], [37, 53, 61, 83, 40], [25, 42, 80, 17, 40], [84, 64, 33, 83, 73], [70, 24, 33, 78, 69], [66, 57, 27, 58, 28], [61, 39, 32, 57, 30], [67, 37, 3, 84, 38], [84, 20, 58, 69, 74], [94, 33, 89, 41, 22], [78, 22, 79, 83, 76], [60, 99, 47, 33, 25], [67, 93, 9, 54, 88], [60, 81, 41, 38, 76], [88, 75, 21, 70, 65], [74, 72, 81, 89, 7], [96, 88, 53, 69, 19]]
Tree 22
Points: [[61, 23, 50, 9, 42], [41, 26, 42, 62, 11], [71, 91, 32, 30, 86], [29, 32, 66, 22, 47], [40, 24, 14, 2, 67], [33, 42, 36, 0, 24], [50, 38, 55, 12, 15], [26, 23, 56, 93, 16], [82, 45, 33, 3, 58], [71, 57, 20, 88, 66], [60, 10, 51, 98, 88], [0, 70, 13, 25, 91], [47, 69, 23, 51, 54], [24, 77, 21, 13, 66], [41, 1, 58, 52, 0], [57, 14, 7, 48, 73], [49, 4, 16, 16, 63], [16, 67, 54, 2, 32], [57, 70, 85, 28, 22], [27, 49, 4, 4, 95], [66, 89, 94, 75, 74], [66, 75, 76, 84, 9], [35, 51, 6, 31, 27], [10, 48, 72, 89, 79]]
Traversal: [[47, 69, 23, 51, 54], [10, 48, 72, 89, 79], [26, 23, 56, 93, 16], [40, 24, 14, 2, 67], [33, 42, 36, 0, 24], [41, 26, 42, 62, 11], [41, 1, 58, 52, 0], [29, 32, 66, 22, 47], [0, 70, 13, 25, 91], [35, 51, 6, 31, 27], [27, 49, 4, 4, 95], [24, 77, 21, 13, 66], [16, 67, 54, 2, 32], [82, 45, 33, 3, 58], [61, 23, 50, 9, 42], [57, 14, 7, 48, 73], [49, 4, 16, 16, 63], [60, 10, 51, 98, 88], [50, 38, 55, 12, 15], [66, 75, 76, 84, 9], [71, 57, 20, 88, 66], [71, 91, 32, 30, 86], [66, 89, 94, 75, 74], [57, 70, 85, 28, 22]]
Tree 23
Points: [[82, 64, 36, 32, 37], [82, 77, 83, 66, 40], [0, 38, 64, 9, 62], [49, 3, 5, 81, 18], [45, 75, 64, 38, 41], [17, 44, 18, 63, 6], [79, 54, 60, 39, 0], [37, 36, 7, 45, 11], [4, 70, 38, 40, 62], [70, 80, 34, 80, 96], [28, 32, 49, 8, 21], [50, 24, 16, 85, 10], [32, 8, 59, 70, 90], [91, 45, 89, 20, 84], [77, 34, 4, 48, 78], [24, 65, 43, 77, 97], [76, 16, 57, 5, 97], [95, 8, 33, 54, 64], [32, 95, 2, 27, 80], [87, 66, 71, 45, 20], [64, 7, 89, 24, 65], [99, 62, 94, 34, 92], [98, 21, 87, 17, 69], [3, 89, 21, 59, 6], [61, 83, 22, 23, 85], [76, 22, 60, 10, 78]]
Traversal: [[64, 7, 89, 24, 65], [17, 44, 18, 63, 6], [28, 32, 49, 8, 21], [49, 3, 5, 81, 18], [37, 36, 7, 45, 11], [50, 24, 16, 85, 10], [32, 8, 59, 70, 90], [0, 38, 64, 9, 62], [4, 70, 38, 40, 62], [32, 95, 2, 27, 80], [61, 83, 22, 23, 85], [3, 89, 21, 59, 6], [24, 65, 43, 77, 97], [45, 75, 64, 38, 41], [79, 54, 60, 39, 0], [76, 22, 60, 10, 78], [77, 34, 4, 48, 78], [76, 16, 57, 5, 97], [95, 8, 33, 54, 64], [91, 45, 89, 20, 84], [98, 21, 87, 17, 69], [87, 66, 71, 45, 20], [70, 80, 34, 80, 96], [82, 64, 36, 32, 37], [82, 77, 83, 66, 40], [99, 62, 94, 34, 92]]
Tree 24
Points: [[39, 74, 61, 90, 26], [83, 46, 16, 1, 83], [78, 9, 63, 63, 60], [35, 99, 8, 90, 56], [45, 77, 61, 89, 44], [52, 14, 13, 58, 6], [72, 51, 14, 28, 29], [95, 94, 8, 66, 56], [79, 56, 56, 92, 98], [37, 42, 88, 5, 14], [56, 98, 11, 16, 31], [76, 58, 59, 64, 61], [98, 64, 57, 16, 4], [3, 5, 94, 50, 42], [84, 48, 45, 15, 92], [91, 55, 59, 55, 33], [11, 91, 34, 88, 13], [7, 24, 65, 99, 82], [40, 55, 65, 27, 15], [15, 41, 77, 6, 96], [92, 56, 52, 6, 78], [31, 6, 33, 58, 46], [26, 51, 32, 60, 46], [95, 7, 49, 39, 65], [5, 27, 38, 45, 23], [12, 9, 29, 29, 13]]
Traversal: [[52, 14, 13, 58, 6], [37, 42, 88, 5, 14], [7, 24, 65, 99, 82], [5, 27, 38, 45, 23], [12, 9, 29, 29, 13], [31, 6, 33, 58, 46], [3, 5, 94, 50, 42], [15, 41, 77, 6, 96], [39, 74, 61, 90, 26], [11, 91, 34, 88, 13], [26, 51, 32, 60, 46], [35, 99, 8, 90, 56], [45, 77, 61, 89, 44], [40, 55, 65, 27, 15], [79, 56, 56, 92, 98], [95, 7, 49, 39, 65], [84, 48, 45, 15, 92], [83, 46, 16, 1, 83], [72, 51, 14, 28, 29], [78, 9, 63, 63, 60], [91, 55, 59, 55, 33], [92, 56, 52, 6, 78], [95, 94, 8, 66, 56], [56, 98, 11, 16, 31], [76, 58, 59, 64, 61], [98, 64, 57, 16, 4]]
Tree 25
Points: [[24, 9, 68, 37, 56], [75, 86, 60, 24, 52], [53, 98, 46, 33, 13], [97, 71, 12, 73, 46], [29, 12, 55, 48, 35], [34, 58, 60, 1, 17], [43, 55, 9, 55, 16], [67, 41, 86, 47, 84], [88, 97, 58, 84, 85], [36, 12, 26, 2, 22], [46, 83, 18, 34, 95], [67, 0, 27, 48, 86], [3, 96, 11, 88, 28], [40, 73, 2, 78, 59], [10, 4, 73, 90, 8], [37, 98, 91, 58, 58], [49, 19, 35, 36, 74], [49, 18, 4, 88, 79], [49, 94, 13, 51, 16], [55, 75, 61, 98, 17], [70, 24, 93, 93, 66], [75, 46, 40, 81, 39], [9, 26, 20, 57, 68], [66, 52, 39, 83, 63], [7, 31, 96, 68, 27], [24, 55, 8, 44, 53], [90, 38, 27, 98, 43], [76, 8, 40, 32, 64]]
Traversal: [[49, 18, 4, 88, 79], [24, 55, 8, 44, 53], [29, 12, 55, 48, 35], [49, 19, 35, 36, 74], [36, 12, 26, 2, 22], [9, 26, 20, 57, 68], [7, 31, 96, 68, 27], [24, 9, 68, 37, 56], [10, 4, 73, 90, 8], [46, 83, 18, 34, 95], [40, 73, 2, 78, 59], [43, 55, 9, 55, 16], [3, 96, 11, 88, 28], [37, 98, 91, 58, 58], [34, 58, 60, 1, 17], [66, 52, 39, 83, 63], [75, 46, 40, 81, 39], [67, 0, 27, 48, 86], [76, 8, 40, 32, 64], [90, 38, 27, 98, 43], [70, 24, 93, 93, 66], [67, 41, 86, 47, 84], [88, 97, 58, 84, 85], [49, 94, 13, 51, 16], [53, 98, 46, 33, 13], [97, 71, 12, 73, 46], [55, 75, 61, 98, 17], [75, 86, 60, 24, 52]]
Tree 26
Points: [[76, 16, 75, 79, 92], [51, 64, 92, 36, 60], [18, 81, 25, 40, 25], [4, 10, 97, 86, 97], [82, 35, 84, 5, 58], [99, 47, 77, 30, 11], [8, 26, 95, 90, 50], [19, 55, 31, 70, 51], [37, 11, 79, 44, 53], [4, 99, 17, 25, 54], [76, 0, 96, 70, 99], [41, 83, 99, 93, 87], [25, 84, 44, 72, 38], [86, 50, 15, 4, 75], [26, 75, 26, 76, 28], [0, 69, 57, 13, 22], [88, 61, 90, 62, 5], [82, 44, 92, 67, 23], [9, 51, 5, 90, 33], [1, 63, 96, 84, 61], [91, 76, 31, 91, 58], [3, 84, 10, 51, 73]]
Traversal: [[37, 11, 79, 44, 53], [0, 69, 57, 13, 22], [8, 26, 95, 90, 50], [9, 51, 5, 90, 33], [19, 55, 31, 70, 51], [4, 10, 97, 86, 97], [1, 63, 96, 84, 61], [18, 81, 25, 40, 25], [3, 84, 10, 51, 73], [4, 99, 17, 25, 54], [26, 75, 26, 76, 28], [25, 84, 44, 72, 38], [86, 50, 15, 4, 75], [82, 35, 84, 5, 58], [76, 16, 75, 79, 92], [99, 47, 77, 30, 11], [76, 0, 96, 70, 99], [82, 44, 92, 67, 23], [51, 64, 92, 36, 60], [91, 76, 31, 91, 58], [88, 61, 90, 62, 5], [41, 83, 99, 93, 87]]
Tree 27
Points: [[13, 60, 81, 58, 45], [25, 3, 64, 78, 14], [87, 70, 15, 5, 54], [0, 71, 61, 81, 32], [58, 29, 31, 79, 75], [31, 18, 86, 71, 99], [62, 19, 69, 49, 64], [1, 50, 53, 60, 58], [78, 57, 18, 41, 6], [43, 32, 75, 87, 24], [50, 8, 83, 2, 28], [38, 46, 43, 97, 13], [45, 33, 10, 87, 77], [30, 64, 71, 67, 0], [95, 8, 67, 11, 23], [20, 1, 70, 68, 42], [99, 22, 30, 38, 75], [52, 98, 67, 64, 6], [33, 29, 85, 14, 52], [86, 91, 67, 94, 46], [87, 24, 13, 32, 32], [25, 73, 17, 23, 35], [35, 34, 84, 69, 20], [6, 8, 0, 61, 89], [71, 73, 6, 93, 69], [36, 29, 19, 47, 22]]
Traversal: [[43, 32, 75, 87, 24], [35, 34, 84, 69, 20], [20, 1, 70, 68, 42], [6, 8, 0, 61, 89], [36, 29, 19, 47, 22], [25, 3, 64, 78, 14], [31, 18, 86, 71, 99], [33, 29, 85, 14, 52], [0, 71, 61, 81, 32], [1, 50, 53, 60, 58], [25, 73, 17, 23, 35], [38, 46, 43, 97, 13], [30, 64, 71, 67, 0], [13, 60, 81, 58, 45], [45, 33, 10, 87, 77], [95, 8, 67, 11, 23], [99, 22, 30, 38, 75], [87, 24, 13, 32, 32], [58, 29, 31, 79, 75], [62, 19, 69, 49, 64], [50, 8, 83, 2, 28], [78, 57, 18, 41, 6], [71, 73, 6, 93, 69], [87, 70, 15, 5, 54], [86, 91, 67, 94, 46], [52, 98, 67, 64, 6]]
Tree 28
Points: [[7, 56, 93, 84, 72], [18, 22, 22, 85, 46], [39, 56, 34, 60, 98], [80, 13, 28, 59, 13], [33, 26, 77, 57, 74], [87, 85, 91, 55, 85], [95, 82, 91, 90, 23], [71, 13, 20, 94, 35], [74, 35, 69, 37, 22], [33, 18, 0, 31, 30], [45, 2, 21, 18, 80], [99, 12, 72, 90, 60], [99, 9, 31, 49, 63], [47, 0, 45, 54, 84], [92, 38, 36, 30, 33], [99, 26, 46, 18, 88], [88, 78, 92, 41, 19], [2, 42, 49, 29, 65], [21, 81, 89, 78, 86], [79, 82, 11, 54, 24], [69, 6, 61, 41, 60], [47, 12, 12, 45, 37], [82, 73, 72, 53, 40], [8, 0, 32, 12, 20]]
Traversal: [[71, 13, 20, 94, 35], [18, 22, 22, 85, 46], [8, 0, 32, 12, 20], [33, 18, 0, 31, 30], [45, 2, 21, 18, 80], [47, 12, 12, 45, 37], [47, 0, 45, 54, 84], [69, 6, 61, 41, 60], [33, 26, 77, 57, 74], [39, 56, 34, 60, 98], [2, 42, 49, 29, 65], [7, 56, 93, 84, 72], [21, 81, 89, 78, 86], [92, 38, 36, 30, 33], [99, 26, 46, 18, 88], [80, 13, 28, 59, 13], [99, 9, 31, 49, 63], [99, 12, 72, 90, 60], [74, 35, 69, 37, 22], [95, 82, 91, 90, 23], [79, 82, 11, 54, 24], [82, 73, 72, 53, 40], [87, 85, 91, 55, 85], [88, 78, 92, 41, 19]]
Tree 29
Points: [[15, 23, 62, 54, 81], [87, 9, 98, 96, 70], [91, 35, 83, 38, 65], [33, 97, 33, 3, 86], [50, 33, 3, 77, 34], [79, 43, 97, 30, 41], [28, 9, 11, 25, 57], [73, 62, 96, 21, 75], [35, 56, 44, 66, 96], [92, 74, 99, 29, 61], [41, 87, 37, 63, 29], [97, 35, 80, 84, 33], [3, 95, 72, 88, 62], [25, 89, 37, 74, 96], [67, 63, 85, 77, 96], [5, 21, 40, 13, 27], [34, 0, 55, 44, 48], [51, 59, 17, 96, 96], [11, 42, 70, 82, 33], [51, 52, 69, 81, 54], [10, 76, 41, 81, 31], [3, 98, 42, 94, 6], [64, 4, 4, 63, 64], [99, 86, 94, 29, 22], [87, 49, 26, 56, 11], [2, 85, 12, 80, 2]]
Traversal: [[50, 33, 3, 77, 34], [10, 76, 41, 81, 31], [34, 0, 55, 44, 48], [28, 9, 11, 25, 57], [5, 21, 40, 13, 27], [35, 56, 44, 66, 96], [11, 42, 70, 82, 33], [15, 23, 62, 54, 81], [25, 89, 37, 74, 96], [41, 87, 37, 63, 29], [33, 97, 33, 3, 86], [2, 85, 12, 80, 2], [3, 98, 42, 94, 6], [3, 95, 72, 88, 62], [51, 52, 69, 81, 54], [91, 35, 83, 38, 65], [64, 4, 4, 63, 64], [87, 49, 26, 56, 11], [97, 35, 80, 84, 33], [87, 9, 98, 96, 70], [79, 43, 97, 30, 41], [99, 86, 94, 29, 22], [51, 59, 17, 96, 96], [67, 63, 85, 77, 96], [92, 74, 99, 29, 61], [73, 62, 96, 21, 75]]
