Graph 0
Nodes: [[63.7, 26.98, 4.1, 1.65, 81.33], [91.28, 60.66, 72.95, 54.36, 93.51], [81.59, 0.27, 85.74, 3.36, 72.97], [17.57, 86.32, 54.15, 29.97, 42.27], [2.83, 12.43, 67.06, 64.72, 61.54], [38.37, 99.72, 98.08, 68.55, 65.05], [68.84, 38.89, 13.51, 72.15, 52.54], [31.02, 48.58, 88.95, 93.4, 35.78], [57.15, 32.19, 59.43, 33.79, 39.16], [89.03, 22.72, 62.32, 8.4, 83.26], [78.71, 23.94, 87.65, 5.86, 33.61], [15.03, 45.03, 79.63, 23.06, 5.2], [40.46, 19.85, 9.08, 58.03, 29.87], [67.2, 19.95, 94.21, 36.51, 10.55], [62.91, 92.72, 44.04, 95.46, 49.99], [42.52, 62.02, 99.51, 94.89, 46.0], [75.77, 49.74, 52.93, 78.58, 41.47], [73.45, 71.11, 93.21, 11.49, 72.9], [92.74, 96.79, 1.47, 86.36, 98.12], [95.72, 14.88, 97.26, 88.99, 82.24], [48.0, 23.24, 80.19, 92.35, 26.61], [53.89, 44.28, 93.1, 4.05, 73.2], [61.44, 2.84, 71.92, 1.6, 75.8], [51.28, 92.91, 6.61, 84.13, 6.67], [34.43, 43.03, 96.61, 56.22, 25.89], [24.17, 88.81, 22.59, 12.46, 28.83]]
Threshold: 85
From: [63.7, 26.98, 4.1, 1.65, 81.33]
BFS: [[63.7, 26.98, 4.1, 1.65, 81.33], [89.03, 22.72, 62.32, 8.4, 83.26], [61.44, 2.84, 71.92, 1.6, 75.8], [57.15, 32.19, 59.43, 33.79, 39.16], [68.84, 38.89, 13.51, 72.15, 52.54], [40.46, 19.85, 9.08, 58.03, 29.87], [81.59, 0.27, 85.74, 3.36, 72.97], [53.89, 44.28, 93.1, 4.05, 73.2], [78.71, 23.94, 87.65, 5.86, 33.61], [73.45, 71.11, 93.21, 11.49, 72.9], [91.28, 60.66, 72.95, 54.36, 93.51], [67.2, 19.95, 94.21, 36.51, 10.55], [34.43, 43.03, 96.61, 56.22, 25.89], [75.77, 49.74, 52.93, 78.58, 41.47], [15.03, 45.03, 79.63, 23.06, 5.2], [48.0, 23.24, 80.19, 92.35, 26.61], [17.57, 86.32, 54.15, 29.97, 42.27], [2.83, 12.43, 67.06, 64.72, 61.54], [31.02, 48.58, 88.95, 93.4, 35.78], [24.17, 88.81, 22.59, 12.46, 28.83], [42.52, 62.02, 99.51, 94.89, 46.0], [62.91, 92.72, 44.04, 95.46, 49.99], [51.28, 92.91, 6.61, 84.13, 6.67], [92.74, 96.79, 1.47, 86.36, 98.12], [38.37, 99.72, 98.08, 68.55, 65.05], [95.72, 14.88, 97.26, 88.99, 82.24]]
Graph 1
Nodes: [[51.18, 95.05, 14.42, 94.86, 31.18], [42.33, 82.77, 40.92, 54.96, 2.76], [75.35, 53.81, 32.97, 78.84, 30.32], [45.35, 13.4, 40.31, 20.35, 26.23], [75.04, 28.04, 48.52, 98.07, 96.17], [72.48, 54.12, 27.69, 16.07, 96.99], [51.61, 11.59, 62.35, 77.67, 61.3], [91.73, 3.96, 52.86, 45.93, 6.23], [64.13, 85.26, 59.29, 26.01, 83.99], [50.95, 51.09, 75.3, 14.79, 81.96], [68.33, 78.71, 19.16, 80.24, 19.13], [8.16, 85.52, 86.13, 87.65, 47.19], [27.4, 0.71, 64.57, 71.99, 83.56], [28.19, 21.52, 63.93, 80.51, 96.37], [15.05, 48.22, 89.47, 42.27, 58.95], [2.45, 67.35, 91.91, 82.68, 88.55], [66.04, 24.56, 76.85, 21.17, 83.13], [6.27, 82.55, 16.45, 37.51, 31.67], [69.13, 17.86, 39.63, 0.58, 26.25], [42.12, 10.59, 63.32, 38.04, 72.53], [65.39, 43.12, 86.73, 63.21, 81.03], [34.18, 54.37, 19.63, 99.61, 24.32], [25.69, 7.32, 25.78, 76.31, 69.79], [12.87, 37.62, 42.09, 66.5, 45.59]]
Threshold: 85
From: [51.18, 95.05, 14.42, 94.86, 31.18]
BFS: [[51.18, 95.05, 14.42, 94.86, 31.18], [68.33, 78.71, 19.16, 80.24, 19.13], [34.18, 54.37, 19.63, 99.61, 24.32], [75.35, 53.81, 32.97, 78.84, 30.32], [42.33, 82.77, 40.92, 54.96, 2.76], [6.27, 82.55, 16.45, 37.51, 31.67], [12.87, 37.62, 42.09, 66.5, 45.59], [25.69, 7.32, 25.78, 76.31, 69.79], [51.61, 11.59, 62.35, 77.67, 61.3], [8.16, 85.52, 86.13, 87.65, 47.19], [91.73, 3.96, 52.86, 45.93, 6.23], [75.04, 28.04, 48.52, 98.07, 96.17], [65.39, 43.12, 86.73, 63.21, 81.03], [45.35, 13.4, 40.31, 20.35, 26.23], [15.05, 48.22, 89.47, 42.27, 58.95], [27.4, 0.71, 64.57, 71.99, 83.56], [42.12, 10.59, 63.32, 38.04, 72.53], [28.19, 21.52, 63.93, 80.51, 96.37], [2.45, 67.35, 91.91, 82.68, 88.55], [50.95, 51.09, 75.3, 14.79, 81.96], [66.04, 24.56, 76.85, 21.17, 83.13], [69.13, 17.86, 39.63, 0.58, 26.25], [64.13, 85.26, 59.29, 26.01, 83.99], [72.48, 54.12, 27.69, 16.07, 96.99]]
Graph 2
Nodes: [[26.16, 29.85, 81.42, 9.19, 60.01], [72.86, 18.79, 5.51, 27.5, 65.74], [56.23, 15.01, 43.26, 66.93, 42.28], [63.32, 96.74, 68.31, 39.16, 18.73], [34.6, 51.11, 89.12, 77.56, 31.81], [92.42, 47.09, 69.38, 10.72, 10.45], [20.19, 88.44, 67.98, 84.92, 64.44], [40.65, 51.66, 59.34, 86.21, 43.82], [89.22, 61.37, 82.94, 49.81, 69.25], [33.9, 52.28, 21.62, 10.07, 3.86], [70.19, 45.64, 89.77, 83.52, 38.51], [97.37, 59.21, 76.59, 40.72, 19.62], [17.18, 18.12, 60.38, 11.26, 1.99], [83.3, 9.94, 45.06, 48.85, 62.03], [50.4, 93.73, 75.04, 57.45, 61.73], [50.66, 96.48, 22.66, 68.9, 55.51], [4.2, 29.61, 92.72, 78.46, 1.28], [29.66, 0.98, 82.75, 11.04, 5.75], [98.19, 44.59, 31.84, 4.9, 38.96], [36.6, 52.35, 0.68, 14.8, 20.99], [44.05, 30.23, 61.33, 28.54, 90.96], [96.19, 5.94, 20.91, 56.3, 77.07], [6.4, 18.48, 45.67, 66.87, 90.33], [86.7, 79.38, 5.27, 97.66, 61.46], [8.61, 25.49, 62.08, 38.56, 44.66], [80.46, 82.4, 54.68, 79.25, 40.6]]
Threshold: 85
From: [26.16, 29.85, 81.42, 9.19, 60.01]
BFS: [[26.16, 29.85, 81.42, 9.19, 60.01], [8.61, 25.49, 62.08, 38.56, 44.66], [44.05, 30.23, 61.33, 28.54, 90.96], [29.66, 0.98, 82.75, 11.04, 5.75], [17.18, 18.12, 60.38, 11.26, 1.99], [6.4, 18.48, 45.67, 66.87, 90.33], [34.6, 51.11, 89.12, 77.56, 31.81], [56.23, 15.01, 43.26, 66.93, 42.28], [83.3, 9.94, 45.06, 48.85, 62.03], [89.22, 61.37, 82.94, 49.81, 69.25], [50.4, 93.73, 75.04, 57.45, 61.73], [40.65, 51.66, 59.34, 86.21, 43.82], [4.2, 29.61, 92.72, 78.46, 1.28], [33.9, 52.28, 21.62, 10.07, 3.86], [36.6, 52.35, 0.68, 14.8, 20.99], [20.19, 88.44, 67.98, 84.92, 64.44], [70.19, 45.64, 89.77, 83.52, 38.51], [72.86, 18.79, 5.51, 27.5, 65.74], [96.19, 5.94, 20.91, 56.3, 77.07], [92.42, 47.09, 69.38, 10.72, 10.45], [80.46, 82.4, 54.68, 79.25, 40.6], [63.32, 96.74, 68.31, 39.16, 18.73], [97.37, 59.21, 76.59, 40.72, 19.62], [98.19, 44.59, 31.84, 4.9, 38.96], [50.66, 96.48, 22.66, 68.9, 55.51], [86.7, 79.38, 5.27, 97.66, 61.46]]
Graph 3
Nodes: [[8.56, 23.68, 80.13, 58.22, 9.41], [43.31, 47.91, 15.97, 73.46, 11.37], [39.12, 51.67, 43.06, 58.68, 73.78], [95.63, 28.42, 64.85, 69.62, 29.27], [0.15, 97.35, 29.84, 31.4, 89.17], [58.52, 47.13, 77.33, 3.03, 70.7], [37.42, 9.09, 66.05, 93.15, 20.72], [63.01, 29.82, 74.18, 72.22, 21.87], [82.99, 65.77, 68.28, 82.01, 42.86], [75.87, 87.85, 10.23, 84.98, 39.39], [47.97, 14.63, 69.84, 29.2, 87.11], [27.54, 56.18, 39.97, 61.29, 19.66], [18.03, 74.69, 75.22, 56.7, 92.11], [20.58, 85.09, 16.9, 96.44, 62.37], [60.69, 97.06, 78.7, 78.99, 5.41], [36.93, 8.49, 19.35, 21.39, 85.86], [12.68, 29.68, 49.28, 84.95, 96.52], [70.81, 21.37, 54.5, 70.6, 5.19], [67.99, 36.83, 58.97, 66.95, 66.91], [52.3, 55.47, 19.81, 49.52, 12.54], [48.07, 53.62, 77.41, 39.37, 1.96], [52.77, 20.52, 74.13, 38.87, 38.05], [90.95, 39.3, 34.89, 34.8, 48.08], [9.33, 54.67, 92.14, 56.29, 74.39], [94.71, 84.21, 74.4, 81.32, 82.01]]
Threshold: 85
From: [8.56, 23.68, 80.13, 58.22, 9.41]
BFS: [[8.56, 23.68, 80.13, 58.22, 9.41], [37.42, 9.09, 66.05, 93.15, 20.72], [48.07, 53.62, 77.41, 39.37, 1.96], [27.54, 56.18, 39.97, 61.29, 19.66], [52.77, 20.52, 74.13, 38.87, 38.05], [63.01, 29.82, 74.18, 72.22, 21.87], [70.81, 21.37, 54.5, 70.6, 5.19], [9.33, 54.67, 92.14, 56.29, 74.39], [43.31, 47.91, 15.97, 73.46, 11.37], [52.3, 55.47, 19.81, 49.52, 12.54], [95.63, 28.42, 64.85, 69.62, 29.27], [67.99, 36.83, 58.97, 66.95, 66.91], [82.99, 65.77, 68.28, 82.01, 42.86], [39.12, 51.67, 43.06, 58.68, 73.78], [12.68, 29.68, 49.28, 84.95, 96.52], [60.69, 97.06, 78.7, 78.99, 5.41], [90.95, 39.3, 34.89, 34.8, 48.08], [58.52, 47.13, 77.33, 3.03, 70.7], [20.58, 85.09, 16.9, 96.44, 62.37], [75.87, 87.85, 10.23, 84.98, 39.39], [18.03, 74.69, 75.22, 56.7, 92.11], [47.97, 14.63, 69.84, 29.2, 87.11], [36.93, 8.49, 19.35, 21.39, 85.86], [0.15, 97.35, 29.84, 31.4, 89.17], [94.71, 84.21, 74.4, 81.32, 82.01]]
Graph 4
Nodes: [[94.31, 51.13, 97.62, 8.08, 60.74], [37.65, 80.19, 17.45, 87.16, 54.39], [90.22, 47.72, 43.05, 78.89, 98.42], [36.97, 96.89, 92.9, 17.77, 60.89], [70.49, 94.28, 66.57, 13.34, 49.79], [49.36, 50.02, 95.86, 34.99, 22.38], [52.21, 64.12, 93.91, 58.2, 26.78], [92.98, 49.17, 67.58, 47.6, 21.7], [69.26, 77.06, 19.08, 45.99, 36.18], [17.07, 22.14, 96.25, 88.42, 38.23], [73.95, 4.2, 91.51, 53.72, 82.03], [27.59, 37.61, 34.8, 97.24, 42.95], [49.97, 95.6, 90.32, 39.5, 30.74], [80.7, 10.75, 39.22, 87.64, 91.76], [23.35, 7.87, 78.77, 62.18, 23.75], [50.59, 7.14, 70.01, 52.67, 70.46], [8.82, 64.48, 37.03, 49.93, 33.55], [63.41, 56.83, 61.71, 6.34, 22.51], [7.19, 38.33, 48.1, 11.23, 66.76], [48.74, 50.03, 59.75, 93.49, 58.89], [9.35, 14.65, 69.39, 32.26, 75.53], [51.06, 37.97, 73.94, 18.3, 28.48], [29.19, 41.53, 90.71, 81.25, 82.16]]
Threshold: 85
From: [94.31, 51.13, 97.62, 8.08, 60.74]
BFS: [[94.31, 51.13, 97.62, 8.08, 60.74], [70.49, 94.28, 66.57, 13.34, 49.79], [63.41, 56.83, 61.71, 6.34, 22.51], [51.06, 37.97, 73.94, 18.3, 28.48], [92.98, 49.17, 67.58, 47.6, 21.7], [49.36, 50.02, 95.86, 34.99, 22.38], [73.95, 4.2, 91.51, 53.72, 82.03], [36.97, 96.89, 92.9, 17.77, 60.89], [52.21, 64.12, 93.91, 58.2, 26.78], [49.97, 95.6, 90.32, 39.5, 30.74], [50.59, 7.14, 70.01, 52.67, 70.46], [69.26, 77.06, 19.08, 45.99, 36.18], [8.82, 64.48, 37.03, 49.93, 33.55], [7.19, 38.33, 48.1, 11.23, 66.76], [23.35, 7.87, 78.77, 62.18, 23.75], [9.35, 14.65, 69.39, 32.26, 75.53], [17.07, 22.14, 96.25, 88.42, 38.23], [48.74, 50.03, 59.75, 93.49, 58.89], [29.19, 41.53, 90.71, 81.25, 82.16], [80.7, 10.75, 39.22, 87.64, 91.76], [90.22, 47.72, 43.05, 78.89, 98.42], [27.59, 37.61, 34.8, 97.24, 42.95], [37.65, 80.19, 17.45, 87.16, 54.39]]
Graph 5
Nodes: [[80.5, 80.79, 51.53, 28.58, 5.39], [38.34, 40.85, 4.53, 4.88, 99.92], [65.24, 23.45, 43.49, 97.42, 89.77], [84.42, 39.24, 49.3, 67.67, 6.08], [55.56, 27.15, 87.97, 6.42, 67.92], [87.01, 22.73, 89.54, 87.22, 1.85], [70.75, 0.12, 50.34, 43.67, 20.33], [32.49, 80.62, 31.65, 14.9, 69.85], [44.85, 79.89, 23.55, 31.98, 79.99], [50.71, 50.64, 23.62, 1.45, 93.32], [8.58, 84.49, 36.79, 95.1, 39.94], [93.64, 55.62, 24.01, 74.14, 67.44], [68.42, 46.38, 22.19, 64.09, 10.71], [69.22, 63.54, 37.65, 79.85, 19.4], [39.05, 79.79, 38.05, 71.33, 61.25], [94.1, 99.17, 72.37, 80.88, 15.29], [71.29, 84.76, 40.12, 55.33, 47.95], [95.85, 31.73, 40.21, 0.09, 42.02], [63.14, 93.5, 92.37, 32.73, 98.89], [18.77, 82.33, 15.73, 40.51, 7.35], [85.8, 82.88, 13.98, 52.71, 25.81], [49.18, 55.32, 10.63, 86.44, 27.87], [44.71, 5.73, 0.27, 19.52, 34.17], [92.81, 88.97, 48.05, 45.48, 66.7]]
Threshold: 85
From: [80.5, 80.79, 51.53, 28.58, 5.39]
BFS: [[80.5, 80.79, 51.53, 28.58, 5.39], [85.8, 82.88, 13.98, 52.71, 25.81], [71.29, 84.76, 40.12, 55.33, 47.95], [84.42, 39.24, 49.3, 67.67, 6.08], [69.22, 63.54, 37.65, 79.85, 19.4], [68.42, 46.38, 22.19, 64.09, 10.71], [94.1, 99.17, 72.37, 80.88, 15.29], [92.81, 88.97, 48.05, 45.48, 66.7], [95.85, 31.73, 40.21, 0.09, 42.02], [18.77, 82.33, 15.73, 40.51, 7.35], [39.05, 79.79, 38.05, 71.33, 61.25], [32.49, 80.62, 31.65, 14.9, 69.85], [70.75, 0.12, 50.34, 43.67, 20.33], [49.18, 55.32, 10.63, 86.44, 27.87], [93.64, 55.62, 24.01, 74.14, 67.44], [44.85, 79.89, 23.55, 31.98, 79.99], [8.58, 84.49, 36.79, 95.1, 39.94], [63.14, 93.5, 92.37, 32.73, 98.89], [50.71, 50.64, 23.62, 1.45, 93.32], [87.01, 22.73, 89.54, 87.22, 1.85], [65.24, 23.45, 43.49, 97.42, 89.77], [44.71, 5.73, 0.27, 19.52, 34.17], [55.56, 27.15, 87.97, 6.42, 67.92], [38.34, 40.85, 4.53, 4.88, 99.92]]
Graph 6
Nodes: [[53.82, 34.33, 36.91, 37.45, 98.74], [63.28, 67.43, 33.0, 67.99, 12.3], [5.17, 85.02, 0.89, 97.88, 82.7], [78.52, 4.81, 20.74, 84.99, 43.25], [62.75, 12.23, 18.63, 49.73, 75.95], [53.99, 10.69, 86.62, 13.97, 43.97], [58.68, 31.91, 41.81, 88.7, 45.41], [53.92, 97.05, 27.6, 89.48, 36.19], [31.2, 88.13, 6.55, 86.67, 82.78], [89.47, 5.98, 23.88, 77.52, 43.69], [0.53, 69.26, 79.98, 97.36, 15.07], [25.2, 84.14, 9.18, 27.43, 45.18], [41.83, 54.27, 86.87, 63.13, 65.4], [59.22, 21.08, 44.97, 98.75, 90.92], [76.74, 53.37, 86.89, 63.09, 39.76], [52.63, 19.86, 57.28, 31.36, 78.14], [82.75, 99.38, 83.5, 5.93, 72.43], [80.82, 87.22, 49.17, 47.59, 53.08], [15.49, 95.7, 98.7, 26.3, 95.73], [20.82, 8.47, 73.22, 81.64, 19.97], [95.38, 39.97, 18.59, 30.06, 11.28], [77.18, 28.53, 69.33, 46.09, 12.5], [58.72, 96.72, 18.49, 96.26, 11.81], [57.64, 17.36, 99.6, 54.98, 87.17]]
Threshold: 85
From: [53.82, 34.33, 36.91, 37.45, 98.74]
BFS: [[53.82, 34.33, 36.91, 37.45, 98.74], [52.63, 19.86, 57.28, 31.36, 78.14], [62.75, 12.23, 18.63, 49.73, 75.95], [59.22, 21.08, 44.97, 98.75, 90.92], [57.64, 17.36, 99.6, 54.98, 87.17], [41.83, 54.27, 86.87, 63.13, 65.4], [58.68, 31.91, 41.81, 88.7, 45.41], [80.82, 87.22, 49.17, 47.59, 53.08], [53.99, 10.69, 86.62, 13.97, 43.97], [89.47, 5.98, 23.88, 77.52, 43.69], [31.2, 88.13, 6.55, 86.67, 82.78], [25.2, 84.14, 9.18, 27.43, 45.18], [78.52, 4.81, 20.74, 84.99, 43.25], [76.74, 53.37, 86.89, 63.09, 39.76], [77.18, 28.53, 69.33, 46.09, 12.5], [95.38, 39.97, 18.59, 30.06, 11.28], [15.49, 95.7, 98.7, 26.3, 95.73], [20.82, 8.47, 73.22, 81.64, 19.97], [0.53, 69.26, 79.98, 97.36, 15.07], [63.28, 67.43, 33.0, 67.99, 12.3], [53.92, 97.05, 27.6, 89.48, 36.19], [82.75, 99.38, 83.5, 5.93, 72.43], [58.72, 96.72, 18.49, 96.26, 11.81], [5.17, 85.02, 0.89, 97.88, 82.7]]
Graph 7
Nodes: [[62.51, 89.72, 77.57, 22.52, 30.02], [87.36, 0.53, 82.12, 79.71, 46.79], [30.3, 27.84, 25.49, 44.51, 50.45], [55.35, 99.55, 79.27, 62.22, 98.9], [21.53, 16.02, 61.25, 4.39, 3.57], [51.49, 46.62, 91.72, 62.92, 51.41], [49.69, 24.75, 1.18, 19.24, 69.2], [20.06, 36.95, 0.37, 83.0, 15.45], [26.76, 88.03, 50.98, 84.72, 63.97], [74.18, 9.15, 54.11, 50.78, 87.13], [36.13, 59.82, 5.93, 38.76, 32.3], [15.02, 81.63, 37.94, 97.87, 59.0], [60.51, 63.8, 67.65, 15.08, 44.03], [23.96, 40.25, 9.67, 96.78, 21.5], [67.18, 30.04, 87.41, 66.22, 13.16], [84.51, 94.49, 90.39, 56.97, 14.55], [19.25, 92.79, 55.23, 18.06, 88.41], [64.16, 56.97, 37.63, 41.1, 23.95], [3.81, 87.62, 46.77, 54.76, 32.22], [75.13, 2.52, 37.22, 3.04, 12.29], [96.71, 65.78, 42.82, 52.37, 87.28], [34.42, 59.03, 68.37, 35.54, 51.91], [76.52, 90.92, 15.11, 93.34, 0.52], [75.3, 81.05, 13.68, 41.89, 81.53]]
Threshold: 85
From: [62.51, 89.72, 77.57, 22.52, 30.02]
BFS: [[62.51, 89.72, 77.57, 22.52, 30.02], [60.51, 63.8, 67.65, 15.08, 44.03], [84.51, 94.49, 90.39, 56.97, 14.55], [34.42, 59.03, 68.37, 35.54, 51.91], [64.16, 56.97, 37.63, 41.1, 23.95], [51.49, 46.62, 91.72, 62.92, 51.41], [3.81, 87.62, 46.77, 54.76, 32.22], [19.25, 92.79, 55.23, 18.06, 88.41], [67.18, 30.04, 87.41, 66.22, 13.16], [55.35, 99.55, 79.27, 62.22, 98.9], [36.13, 59.82, 5.93, 38.76, 32.3], [26.76, 88.03, 50.98, 84.72, 63.97], [96.71, 65.78, 42.82, 52.37, 87.28], [30.3, 27.84, 25.49, 44.51, 50.45], [75.3, 81.05, 13.68, 41.89, 81.53], [21.53, 16.02, 61.25, 4.39, 3.57], [75.13, 2.52, 37.22, 3.04, 12.29], [74.18, 9.15, 54.11, 50.78, 87.13], [49.69, 24.75, 1.18, 19.24, 69.2], [15.02, 81.63, 37.94, 97.87, 59.0], [76.52, 90.92, 15.11, 93.34, 0.52], [20.06, 36.95, 0.37, 83.0, 15.45], [23.96, 40.25, 9.67, 96.78, 21.5], [87.36, 0.53, 82.12, 79.71, 46.79]]
Graph 8
Nodes: [[32.7, 98.73, 31.87, 78.85, 86.99], [39.11, 43.79, 37.27, 10.7, 47.9], [24.14, 25.71, 18.47, 19.39, 81.38], [42.3, 25.59, 59.09, 60.43, 64.69], [91.14, 15.02, 37.14, 28.46, 1.68], [18.16, 39.47, 39.33, 61.67, 45.23], [60.73, 22.31, 13.4, 32.93, 9.61], [36.58, 46.02, 71.9, 86.7, 5.18], [95.61, 72.01, 98.88, 11.88, 37.5], [50.23, 74.72, 31.1, 44.99, 27.62], [44.92, 51.0, 56.5, 70.42, 24.18], [63.05, 9.01, 61.1, 45.9, 13.49], [25.67, 6.49, 37.23, 40.38, 48.88], [6.99, 71.57, 31.89, 28.18, 89.14], [60.11, 65.87, 53.14, 21.62, 15.09], [18.41, 34.07, 17.01, 47.78, 96.74], [73.96, 31.09, 30.65, 78.21, 97.45], [61.45, 25.66, 44.94, 15.77, 43.42], [89.04, 20.27, 44.17, 63.22, 94.82], [62.94, 44.31, 65.33, 29.46, 9.9], [83.24, 46.66, 92.68, 18.78, 1.3], [51.49, 71.32, 98.97, 63.78, 9.2], [55.86, 38.62, 18.49, 81.91, 71.43], [80.85, 61.02, 69.76, 68.66, 25.38], [55.98, 87.25, 36.98, 16.66, 2.2], [7.9, 43.55, 1.97, 67.86, 72.41], [93.48, 74.29, 42.67, 77.65, 75.87]]
Threshold: 85
From: [32.7, 98.73, 31.87, 78.85, 86.99]
BFS: [[32.7, 98.73, 31.87, 78.85, 86.99], [6.99, 71.57, 31.89, 28.18, 89.14], [93.48, 74.29, 42.67, 77.65, 75.87], [55.86, 38.62, 18.49, 81.91, 71.43], [7.9, 43.55, 1.97, 67.86, 72.41], [50.23, 74.72, 31.1, 44.99, 27.62], [18.41, 34.07, 17.01, 47.78, 96.74], [18.16, 39.47, 39.33, 61.67, 45.23], [73.96, 31.09, 30.65, 78.21, 97.45], [42.3, 25.59, 59.09, 60.43, 64.69], [44.92, 51.0, 56.5, 70.42, 24.18], [24.14, 25.71, 18.47, 19.39, 81.38], [39.11, 43.79, 37.27, 10.7, 47.9], [25.67, 6.49, 37.23, 40.38, 48.88], [89.04, 20.27, 44.17, 63.22, 94.82], [80.85, 61.02, 69.76, 68.66, 25.38], [61.45, 25.66, 44.94, 15.77, 43.42], [60.73, 22.31, 13.4, 32.93, 9.61], [60.11, 65.87, 53.14, 21.62, 15.09], [55.98, 87.25, 36.98, 16.66, 2.2], [62.94, 44.31, 65.33, 29.46, 9.9], [36.58, 46.02, 71.9, 86.7, 5.18], [51.49, 71.32, 98.97, 63.78, 9.2], [63.05, 9.01, 61.1, 45.9, 13.49], [91.14, 15.02, 37.14, 28.46, 1.68], [83.24, 46.66, 92.68, 18.78, 1.3], [95.61, 72.01, 98.88, 11.88, 37.5]]
Graph 9
Nodes: [[87.02, 28.68, 60.31, 77.75, 71.61], [91.54, 86.04, 91.82, 2.66, 43.72], [48.49, 6.52, 0.56, 83.06, 98.33], [78.46, 31.56, 70.53, 29.92, 74.07], [27.97, 78.26, 98.77, 98.62, 88.29], [91.28, 70.82, 55.45, 92.32, 8.97], [37.01, 60.59, 47.77, 79.29, 19.51], [6.23, 12.65, 96.28, 13.28, 22.61], [37.71, 62.34, 78.21, 7.86, 93.12], [76.28, 32.1, 18.93, 59.6, 59.47], [26.75, 16.94, 76.65, 67.27, 80.02], [21.96, 72.32, 7.46, 0.73, 17.94], [78.2, 54.01, 61.67, 59.25, 63.59], [32.29, 72.06, 1.47, 37.72, 5.47], [12.58, 90.46, 60.25, 79.09, 60.57], [57.19, 79.5, 62.31, 51.03, 55.65], [56.89, 34.2, 66.78, 40.69, 65.45], [48.48, 74.84, 69.31, 3.94, 78.22], [89.67, 33.1, 73.29, 84.53, 49.88], [12.91, 73.15, 83.87, 31.15, 21.86], [76.67, 51.62, 1.5, 19.56, 21.73], [58.16, 55.9, 51.71, 34.11, 39.24], [50.04, 56.89, 56.5, 71.55, 99.42], [74.88, 49.06, 97.7, 12.51, 95.27]]
Threshold: 85
From: [87.02, 28.68, 60.31, 77.75, 71.61]
BFS: [[87.02, 28.68, 60.31, 77.75, 71.61], [89.67, 33.1, 73.29, 84.53, 49.88], [78.2, 54.01, 61.67, 59.25, 63.59], [76.28, 32.1, 18.93, 59.6, 59.47], [56.89, 34.2, 66.78, 40.69, 65.45], [78.46, 31.56, 70.53, 29.92, 74.07], [50.04, 56.89, 56.5, 71.55, 99.42], [26.75, 16.94, 76.65, 67.27, 80.02], [57.19, 79.5, 62.31, 51.03, 55.65], [58.16, 55.9, 51.71, 34.11, 39.24], [91.28, 70.82, 55.45, 92.32, 8.97], [48.49, 6.52, 0.56, 83.06, 98.33], [37.01, 60.59, 47.77, 79.29, 19.51], [74.88, 49.06, 97.7, 12.51, 95.27], [48.48, 74.84, 69.31, 3.94, 78.22], [37.71, 62.34, 78.21, 7.86, 93.12], [91.54, 86.04, 91.82, 2.66, 43.72], [12.58, 90.46, 60.25, 79.09, 60.57], [27.97, 78.26, 98.77, 98.62, 88.29], [76.67, 51.62, 1.5, 19.56, 21.73], [12.91, 73.15, 83.87, 31.15, 21.86], [6.23, 12.65, 96.28, 13.28, 22.61], [32.29, 72.06, 1.47, 37.72, 5.47], [21.96, 72.32, 7.46, 0.73, 17.94]]
Graph 10
Nodes: [[95.6, 20.77, 82.84, 14.93, 51.28], [13.59, 68.9, 84.17, 42.55, 95.69], [82.53, 33.82, 57.58, 75.33, 82.71], [93.34, 14.5, 74.56, 13.94, 90.65], [22.61, 85.32, 30.63, 96.98, 51.78], [32.25, 28.24, 60.59, 33.38, 67.86], [15.44, 24.98, 86.99, 60.04, 26.2], [14.94, 13.68, 24.89, 38.28, 64.91], [83.76, 77.6, 33.95, 14.86, 45.7], [43.79, 57.42, 37.33, 63.38, 11.46], [23.31, 76.72, 98.71, 80.8, 84.3], [79.57, 45.68, 73.87, 57.85, 45.07], [27.1, 86.46, 6.87, 81.67, 88.18], [42.35, 83.32, 34.1, 51.98, 54.92], [19.29, 33.32, 27.75, 45.76, 67.48], [68.38, 52.36, 46.44, 50.86, 32.46], [17.26, 29.93, 64.86, 6.47, 63.37], [27.9, 18.6, 48.9, 35.37, 9.62], [70.96, 79.16, 4.43, 62.59, 24.99], [42.73, 79.05, 53.16, 1.3, 1.99], [39.04, 89.53, 23.16, 44.44, 14.41], [80.97, 38.22, 35.69, 25.69, 83.59], [43.65, 4.97, 80.38, 25.35, 18.2], [23.37, 54.36, 96.29, 28.42, 45.64], [61.3, 97.58, 95.34, 39.95, 37.29], [42.9, 11.09, 83.02, 88.85, 37.56], [72.53, 74.17, 43.99, 85.58, 97.88], [95.93, 43.49, 18.32, 78.67, 94.51]]
Threshold: 85
From: [95.6, 20.77, 82.84, 14.93, 51.28]
BFS: [[95.6, 20.77, 82.84, 14.93, 51.28], [93.34, 14.5, 74.56, 13.94, 90.65], [79.57, 45.68, 73.87, 57.85, 45.07], [80.97, 38.22, 35.69, 25.69, 83.59], [43.65, 4.97, 80.38, 25.35, 18.2], [68.38, 52.36, 46.44, 50.86, 32.46], [32.25, 28.24, 60.59, 33.38, 67.86], [82.53, 33.82, 57.58, 75.33, 82.71], [83.76, 77.6, 33.95, 14.86, 45.7], [23.37, 54.36, 96.29, 28.42, 45.64], [17.26, 29.93, 64.86, 6.47, 63.37], [42.9, 11.09, 83.02, 88.85, 37.56], [61.3, 97.58, 95.34, 39.95, 37.29], [43.79, 57.42, 37.33, 63.38, 11.46], [42.35, 83.32, 34.1, 51.98, 54.92], [15.44, 24.98, 86.99, 60.04, 26.2], [72.53, 74.17, 43.99, 85.58, 97.88], [27.9, 18.6, 48.9, 35.37, 9.62], [95.93, 43.49, 18.32, 78.67, 94.51], [70.96, 79.16, 4.43, 62.59, 24.99], [19.29, 33.32, 27.75, 45.76, 67.48], [23.31, 76.72, 98.71, 80.8, 84.3], [14.94, 13.68, 24.89, 38.28, 64.91], [42.73, 79.05, 53.16, 1.3, 1.99], [39.04, 89.53, 23.16, 44.44, 14.41], [22.61, 85.32, 30.63, 96.98, 51.78], [13.59, 68.9, 84.17, 42.55, 95.69], [27.1, 86.46, 6.87, 81.67, 88.18]]
Graph 11
Nodes: [[12.86, 49.93, 60.15, 2.87, 14.79], [92.82, 7.04, 12.98, 94.83, 62.19], [36.9, 51.14, 66.28, 27.53, 13.8], [78.8, 67.04, 51.24, 81.67, 54.91], [98.09, 20.45, 55.37, 48.36, 35.33], [59.16, 23.53, 80.22, 86.73, 12.88], [46.71, 27.71, 8.31, 89.59, 42.99], [14.77, 67.34, 20.22, 90.14, 21.71], [3.31, 20.08, 34.57, 46.89, 90.61], [69.74, 33.93, 1.69, 15.98, 99.64], [45.97, 69.1, 5.47, 3.41, 84.59], [58.79, 30.87, 31.74, 8.92, 17.27], [2.46, 83.91, 46.63, 12.72, 73.92], [19.57, 6.19, 59.84, 89.58, 2.69], [80.51, 19.02, 9.29, 1.8, 29.3], [72.71, 49.32, 85.29, 21.72, 31.52], [25.81, 97.83, 94.1, 34.07, 43.6], [31.43, 74.65, 4.0, 6.74, 40.4], [24.51, 84.52, 74.18, 54.58, 66.15], [69.23, 78.11, 92.75, 14.97, 62.61], [14.36, 44.31, 78.63, 89.47, 75.92], [3.54, 35.94, 16.31, 99.88, 14.4], [24.43, 35.72, 6.09, 87.04, 63.64]]
Threshold: 85
From: [12.86, 49.93, 60.15, 2.87, 14.79]
BFS: [[12.86, 49.93, 60.15, 2.87, 14.79], [36.9, 51.14, 66.28, 27.53, 13.8], [58.79, 30.87, 31.74, 8.92, 17.27], [31.43, 74.65, 4.0, 6.74, 40.4], [72.71, 49.32, 85.29, 21.72, 31.52], [2.46, 83.91, 46.63, 12.72, 73.92], [25.81, 97.83, 94.1, 34.07, 43.6], [24.51, 84.52, 74.18, 54.58, 66.15], [59.16, 23.53, 80.22, 86.73, 12.88], [69.23, 78.11, 92.75, 14.97, 62.61], [98.09, 20.45, 55.37, 48.36, 35.33], [19.57, 6.19, 59.84, 89.58, 2.69], [78.8, 67.04, 51.24, 81.67, 54.91], [14.77, 67.34, 20.22, 90.14, 21.71], [80.51, 19.02, 9.29, 1.8, 29.3], [45.97, 69.1, 5.47, 3.41, 84.59], [69.74, 33.93, 1.69, 15.98, 99.64], [3.31, 20.08, 34.57, 46.89, 90.61], [14.36, 44.31, 78.63, 89.47, 75.92], [46.71, 27.71, 8.31, 89.59, 42.99], [92.82, 7.04, 12.98, 94.83, 62.19], [3.54, 35.94, 16.31, 99.88, 14.4], [24.43, 35.72, 6.09, 87.04, 63.64]]
Graph 12
Nodes: [[25.08, 94.68, 18.93, 17.93, 34.99], [23.05, 67.04, 11.51, 89.63, 85.81], [0.28, 54.15, 10.69, 25.8, 41.69], [45.36, 46.81, 92.75, 25.88, 18.79], [67.05, 94.66, 92.28, 88.02, 6.44], [93.67, 64.92, 87.16, 40.81, 21.94], [79.3, 66.16, 77.88, 20.13, 13.44], [76.36, 2.02, 94.56, 13.51, 60.01], [41.9, 32.39, 17.02, 78.04, 91.45], [72.89, 60.03, 71.15, 53.61, 55.83], [90.61, 28.26, 22.22, 94.7, 94.31], [47.6, 80.08, 74.32, 94.93, 8.17], [89.82, 50.01, 44.9, 68.68, 61.65], [43.65, 29.11, 91.87, 81.88, 10.25], [40.45, 76.34, 87.91, 96.22, 24.07], [89.17, 69.49, 6.82, 21.06, 18.87], [7.74, 68.74, 31.01, 69.18, 8.17], [87.12, 69.56, 78.22, 60.64, 45.77], [19.3, 94.24, 14.54, 52.13, 12.14], [10.84, 69.68, 88.88, 46.12, 79.46], [85.96, 53.54, 77.55, 29.29, 15.01]]
Threshold: 85
From: [25.08, 94.68, 18.93, 17.93, 34.99]
BFS: [[25.08, 94.68, 18.93, 17.93, 34.99], [19.3, 94.24, 14.54, 52.13, 12.14], [0.28, 54.15, 10.69, 25.8, 41.69], [7.74, 68.74, 31.01, 69.18, 8.17], [89.17, 69.49, 6.82, 21.06, 18.87], [47.6, 80.08, 74.32, 94.93, 8.17], [23.05, 67.04, 11.51, 89.63, 85.81], [40.45, 76.34, 87.91, 96.22, 24.07], [43.65, 29.11, 91.87, 81.88, 10.25], [79.3, 66.16, 77.88, 20.13, 13.44], [85.96, 53.54, 77.55, 29.29, 15.01], [89.82, 50.01, 44.9, 68.68, 61.65], [93.67, 64.92, 87.16, 40.81, 21.94], [72.89, 60.03, 71.15, 53.61, 55.83], [67.05, 94.66, 92.28, 88.02, 6.44], [87.12, 69.56, 78.22, 60.64, 45.77], [45.36, 46.81, 92.75, 25.88, 18.79], [41.9, 32.39, 17.02, 78.04, 91.45], [90.61, 28.26, 22.22, 94.7, 94.31], [10.84, 69.68, 88.88, 46.12, 79.46], [76.36, 2.02, 94.56, 13.51, 60.01]]
Graph 13
Nodes: [[86.48, 85.53, 81.1, 26.14, 7.72], [94.65, 61.38, 0.26, 91.04, 98.48], [28.63, 81.37, 8.24, 43.83, 81.77], [40.87, 51.77, 11.7, 81.4, 49.79], [24.83, 77.67, 97.92, 53.83, 73.72], [99.28, 3.01, 59.9, 96.73, 11.73], [22.31, 55.02, 72.23, 55.28, 54.77], [5.15, 73.92, 32.07, 7.4, 95.85], [65.97, 45.58, 73.27, 47.79, 12.47], [60.46, 74.69, 74.41, 55.16, 92.85], [94.57, 87.49, 37.16, 26.78, 52.98], [65.43, 16.06, 55.95, 43.89, 0.17], [41.88, 39.99, 96.34, 5.45, 92.85], [90.83, 59.98, 18.72, 79.13, 16.15], [32.06, 66.64, 42.52, 46.09, 30.32], [3.72, 36.08, 82.66, 83.02, 8.11], [55.3, 35.38, 39.9, 98.79, 80.92], [50.7, 50.75, 91.7, 37.51, 78.19], [72.96, 73.73, 45.56, 68.53, 83.73], [29.57, 76.32, 48.2, 53.43, 46.48], [37.49, 75.23, 39.19, 18.13, 78.77], [39.97, 57.91, 98.23, 64.76, 52.44], [28.38, 70.9, 96.04, 70.83, 76.99], [31.82, 31.33, 35.76, 47.88, 89.33]]
Threshold: 85
From: [86.48, 85.53, 81.1, 26.14, 7.72]
BFS: [[86.48, 85.53, 81.1, 26.14, 7.72], [65.97, 45.58, 73.27, 47.79, 12.47], [94.57, 87.49, 37.16, 26.78, 52.98], [32.06, 66.64, 42.52, 46.09, 30.32], [65.43, 16.06, 55.95, 43.89, 0.17], [29.57, 76.32, 48.2, 53.43, 46.48], [39.97, 57.91, 98.23, 64.76, 52.44], [22.31, 55.02, 72.23, 55.28, 54.77], [90.83, 59.98, 18.72, 79.13, 16.15], [50.7, 50.75, 91.7, 37.51, 78.19], [3.72, 36.08, 82.66, 83.02, 8.11], [99.28, 3.01, 59.9, 96.73, 11.73], [40.87, 51.77, 11.7, 81.4, 49.79], [72.96, 73.73, 45.56, 68.53, 83.73], [24.83, 77.67, 97.92, 53.83, 73.72], [37.49, 75.23, 39.19, 18.13, 78.77], [60.46, 74.69, 74.41, 55.16, 92.85], [28.63, 81.37, 8.24, 43.83, 81.77], [31.82, 31.33, 35.76, 47.88, 89.33], [28.38, 70.9, 96.04, 70.83, 76.99], [5.15, 73.92, 32.07, 7.4, 95.85], [55.3, 35.38, 39.9, 98.79, 80.92], [41.88, 39.99, 96.34, 5.45, 92.85], [94.65, 61.38, 0.26, 91.04, 98.48]]
Graph 14
Nodes: [[83.1, 36.09, 70.27, 86.01, 64.13], [54.84, 76.23, 71.63, 46.72, 57.25], [74.63, 6.36, 64.69, 73.61, 39.88], [50.72, 22.87, 65.02, 97.13, 29.87], [46.28, 89.16, 55.14, 42.15, 66.83], [3.08, 15.38, 87.13, 15.82, 2.95], [92.64, 75.28, 97.74, 75.97, 92.28], [34.44, 75.46, 16.44, 82.39, 73.23], [19.13, 18.4, 16.87, 81.89, 66.43], [28.08, 65.44, 68.6, 68.89, 99.6], [84.5, 43.0, 4.71, 22.86, 7.48], [78.45, 79.33, 21.43, 94.85, 32.31], [46.59, 58.1, 99.8, 89.69, 14.43], [89.35, 20.32, 80.3, 67.15, 15.16], [5.36, 92.94, 0.49, 14.77, 97.45], [69.7, 56.42, 45.37, 57.23, 46.28], [6.61, 23.05, 31.39, 49.62, 39.35], [72.16, 80.33, 76.85, 46.09, 39.24], [2.32, 35.35, 78.71, 34.94, 28.58], [16.3, 63.31, 50.07, 4.61, 24.18], [7.67, 15.35, 25.76, 7.52, 98.92], [63.38, 11.79, 52.57, 39.68, 19.37], [41.3, 56.67, 9.92, 95.47, 49.62], [7.72, 68.55, 94.8, 1.63, 68.18], [83.87, 44.56, 7.59, 75.75, 33.31]]
Threshold: 85
From: [83.1, 36.09, 70.27, 86.01, 64.13]
BFS: [[83.1, 36.09, 70.27, 86.01, 64.13], [74.63, 6.36, 64.69, 73.61, 39.88], [69.7, 56.42, 45.37, 57.23, 46.28], [50.72, 22.87, 65.02, 97.13, 29.87], [89.35, 20.32, 80.3, 67.15, 15.16], [92.64, 75.28, 97.74, 75.97, 92.28], [54.84, 76.23, 71.63, 46.72, 57.25], [72.16, 80.33, 76.85, 46.09, 39.24], [83.87, 44.56, 7.59, 75.75, 33.31], [46.59, 58.1, 99.8, 89.69, 14.43], [78.45, 79.33, 21.43, 94.85, 32.31], [63.38, 11.79, 52.57, 39.68, 19.37], [28.08, 65.44, 68.6, 68.89, 99.6], [41.3, 56.67, 9.92, 95.47, 49.62], [46.28, 89.16, 55.14, 42.15, 66.83], [34.44, 75.46, 16.44, 82.39, 73.23], [19.13, 18.4, 16.87, 81.89, 66.43], [6.61, 23.05, 31.39, 49.62, 39.35], [84.5, 43.0, 4.71, 22.86, 7.48], [16.3, 63.31, 50.07, 4.61, 24.18], [2.32, 35.35, 78.71, 34.94, 28.58], [7.72, 68.55, 94.8, 1.63, 68.18], [3.08, 15.38, 87.13, 15.82, 2.95], [5.36, 92.94, 0.49, 14.77, 97.45], [7.67, 15.35, 25.76, 7.52, 98.92]]
Graph 15
Nodes: [[69.27, 81.58, 34.44, 4.48, 57.16], [14.62, 71.88, 34.54, 45.7, 97.59], [78.15, 84.38, 55.51, 94.16, 1.83], [88.92, 38.98, 23.17, 53.44, 94.47], [33.1, 90.86, 46.73, 96.73, 76.42], [78.34, 36.15, 58.78, 24.85, 80.01], [25.85, 67.26, 7.53, 24.69, 35.81], [17.21, 26.03, 20.18, 3.98, 34.29], [46.82, 41.73, 89.95, 8.89, 62.4], [34.87, 2.6, 77.3, 42.2, 97.62], [77.45, 86.88, 56.6, 33.95, 85.44], [41.32, 87.13, 91.32, 35.41, 72.52], [81.37, 99.79, 45.75, 20.07, 25.82], [38.17, 7.14, 69.31, 5.69, 46.5], [99.8, 40.33, 21.05, 40.86, 26.13], [20.21, 26.09, 30.64, 45.73, 28.3], [63.89, 85.73, 2.42, 46.53, 61.66], [47.5, 66.09, 20.52, 93.5, 99.59], [82.89, 58.46, 83.31, 67.29, 86.56], [49.91, 28.22, 55.79, 49.56, 20.97], [67.3, 73.08, 26.4, 16.37, 58.13], [45.91, 72.48, 74.41, 1.93, 21.05], [86.65, 67.23, 79.01, 74.42, 59.4], [32.35, 28.58, 62.09, 61.78, 91.86], [62.56, 56.66, 1.68, 66.02, 87.89], [64.05, 51.96, 33.82, 99.37, 29.37], [78.12, 49.44, 56.71, 2.52, 80.45], [44.84, 93.79, 95.66, 90.22, 68.54], [17.71, 19.91, 37.71, 17.51, 94.79]]
Threshold: 85
From: [69.27, 81.58, 34.44, 4.48, 57.16]
BFS: [[69.27, 81.58, 34.44, 4.48, 57.16], [67.3, 73.08, 26.4, 16.37, 58.13], [81.37, 99.79, 45.75, 20.07, 25.82], [78.12, 49.44, 56.71, 2.52, 80.45], [77.45, 86.88, 56.6, 33.95, 85.44], [63.89, 85.73, 2.42, 46.53, 61.66], [45.91, 72.48, 74.41, 1.93, 21.05], [78.34, 36.15, 58.78, 24.85, 80.01], [25.85, 67.26, 7.53, 24.69, 35.81], [99.8, 40.33, 21.05, 40.86, 26.13], [46.82, 41.73, 89.95, 8.89, 62.4], [41.32, 87.13, 91.32, 35.41, 72.52], [88.92, 38.98, 23.17, 53.44, 94.47], [14.62, 71.88, 34.54, 45.7, 97.59], [62.56, 56.66, 1.68, 66.02, 87.89], [17.21, 26.03, 20.18, 3.98, 34.29], [49.91, 28.22, 55.79, 49.56, 20.97], [20.21, 26.09, 30.64, 45.73, 28.3], [86.65, 67.23, 79.01, 74.42, 59.4], [17.71, 19.91, 37.71, 17.51, 94.79], [82.89, 58.46, 83.31, 67.29, 86.56], [78.15, 84.38, 55.51, 94.16, 1.83], [38.17, 7.14, 69.31, 5.69, 46.5], [32.35, 28.58, 62.09, 61.78, 91.86], [34.87, 2.6, 77.3, 42.2, 97.62], [44.84, 93.79, 95.66, 90.22, 68.54], [33.1, 90.86, 46.73, 96.73, 76.42], [47.5, 66.09, 20.52, 93.5, 99.59], [64.05, 51.96, 33.82, 99.37, 29.37]]
Graph 16
Nodes: [[56.69, 43.07, 9.41, 34.81, 62.15], [2.17, 87.46, 85.4, 4.43, 80.24], [18.48, 69.56, 15.5, 69.16, 95.86], [98.5, 66.33, 16.36, 39.49, 27.8], [95.57, 29.93, 56.11, 40.74, 13.87], [38.47, 76.94, 41.36, 67.93, 58.19], [7.65, 72.99, 67.4, 80.19, 14.89], [97.45, 86.77, 90.31, 96.19, 62.12], [37.12, 5.8, 69.86, 63.16, 64.9], [0.66, 94.57, 38.71, 7.03, 98.92], [73.58, 52.32, 76.46, 80.26, 66.66], [35.13, 31.91, 66.96, 14.38, 20.13], [19.68, 46.02, 61.43, 50.31, 77.03], [95.59, 8.87, 16.09, 75.65, 35.27], [65.37, 7.57, 14.07, 87.86, 43.37], [12.34, 92.5, 22.99, 8.07, 53.8], [57.56, 8.33, 67.69, 30.14, 99.2], [34.58, 71.64, 62.72, 58.71, 5.73], [80.83, 31.98, 53.77, 85.21, 66.75], [22.23, 98.71, 79.79, 51.47, 74.67], [30.62, 34.51, 43.65, 30.35, 32.55], [66.43, 47.44, 27.87, 62.13, 40.25], [47.57, 69.67, 62.75, 98.62, 32.63], [60.17, 82.03, 32.46, 35.52, 51.88], [93.38, 5.82, 63.21, 45.25, 71.19], [94.01, 2.48, 84.39, 98.88, 35.43], [72.72, 95.32, 51.47, 32.75, 99.7]]
Threshold: 85
From: [56.69, 43.07, 9.41, 34.81, 62.15]
BFS: [[56.69, 43.07, 9.41, 34.81, 62.15], [66.43, 47.44, 27.87, 62.13, 40.25], [60.17, 82.03, 32.46, 35.52, 51.88], [30.62, 34.51, 43.65, 30.35, 32.55], [98.5, 66.33, 16.36, 39.49, 27.8], [38.47, 76.94, 41.36, 67.93, 58.19], [18.48, 69.56, 15.5, 69.16, 95.86], [65.37, 7.57, 14.07, 87.86, 43.37], [19.68, 46.02, 61.43, 50.31, 77.03], [95.59, 8.87, 16.09, 75.65, 35.27], [80.83, 31.98, 53.77, 85.21, 66.75], [12.34, 92.5, 22.99, 8.07, 53.8], [93.38, 5.82, 63.21, 45.25, 71.19], [57.56, 8.33, 67.69, 30.14, 99.2], [35.13, 31.91, 66.96, 14.38, 20.13], [72.72, 95.32, 51.47, 32.75, 99.7], [95.57, 29.93, 56.11, 40.74, 13.87], [37.12, 5.8, 69.86, 63.16, 64.9], [73.58, 52.32, 76.46, 80.26, 66.66], [47.57, 69.67, 62.75, 98.62, 32.63], [34.58, 71.64, 62.72, 58.71, 5.73], [7.65, 72.99, 67.4, 80.19, 14.89], [22.23, 98.71, 79.79, 51.47, 74.67], [0.66, 94.57, 38.71, 7.03, 98.92], [97.45, 86.77, 90.31, 96.19, 62.12], [94.01, 2.48, 84.39, 98.88, 35.43], [2.17, 87.46, 85.4, 4.43, 80.24]]
Graph 17
Nodes: [[84.51, 16.1, 55.77, 36.81, 21.49], [38.58, 42.82, 61.13, 73.64, 1.53], [25.4, 60.41, 8.37, 99.78, 83.23], [3.68, 56.75, 60.93, 0.69, 17.91], [16.49, 46.2, 56.7, 45.19, 91.98], [81.49, 40.12, 20.32, 35.83, 86.2], [34.88, 99.11, 56.58, 23.68, 65.87], [66.02, 51.46, 27.91, 62.99, 47.92], [65.33, 54.22, 12.12, 90.87, 1.72], [31.08, 17.14, 34.3, 61.75, 55.08], [71.61, 48.95, 84.15, 34.8, 54.8], [50.44, 2.21, 22.8, 8.37, 24.88], [0.66, 29.32, 37.39, 64.68, 84.37], [41.55, 63.17, 51.98, 23.07, 19.89], [45.23, 79.44, 59.33, 69.93, 73.02], [62.13, 24.43, 44.17, 51.37, 1.11], [29.55, 35.93, 1.03, 56.22, 54.89], [8.95, 24.92, 90.43, 43.83, 26.05], [86.27, 45.57, 62.53, 90.39, 54.5], [15.75, 71.39, 93.55, 41.83, 66.17], [87.43, 15.61, 78.25, 47.38, 55.26], [92.43, 81.32, 13.39, 41.48, 67.58], [81.17, 16.07, 70.13, 51.89, 7.78]]
Threshold: 85
From: [84.51, 16.1, 55.77, 36.81, 21.49]
BFS: [[84.51, 16.1, 55.77, 36.81, 21.49], [81.17, 16.07, 70.13, 51.89, 7.78], [62.13, 24.43, 44.17, 51.37, 1.11], [87.43, 15.61, 78.25, 47.38, 55.26], [71.61, 48.95, 84.15, 34.8, 54.8], [50.44, 2.21, 22.8, 8.37, 24.88], [66.02, 51.46, 27.91, 62.99, 47.92], [41.55, 63.17, 51.98, 23.07, 19.89], [38.58, 42.82, 61.13, 73.64, 1.53], [86.27, 45.57, 62.53, 90.39, 54.5], [31.08, 17.14, 34.3, 61.75, 55.08], [81.49, 40.12, 20.32, 35.83, 86.2], [65.33, 54.22, 12.12, 90.87, 1.72], [8.95, 24.92, 90.43, 43.83, 26.05], [29.55, 35.93, 1.03, 56.22, 54.89], [45.23, 79.44, 59.33, 69.93, 73.02], [15.75, 71.39, 93.55, 41.83, 66.17], [34.88, 99.11, 56.58, 23.68, 65.87], [16.49, 46.2, 56.7, 45.19, 91.98], [92.43, 81.32, 13.39, 41.48, 67.58], [3.68, 56.75, 60.93, 0.69, 17.91], [25.4, 60.41, 8.37, 99.78, 83.23], [0.66, 29.32, 37.39, 64.68, 84.37]]
Graph 18
Nodes: [[39.93, 71.74, 28.08, 8.27, 96.98], [56.39, 64.43, 57.69, 47.54, 12.24], [31.36, 73.62, 90.74, 88.86, 94.83], [2.54, 73.8, 67.26, 62.52, 63.76], [12.63, 62.62, 78.71, 0.74, 92.1], [13.06, 37.57, 55.07, 60.83, 54.94], [38.77, 88.03, 39.66, 87.35, 32.99], [62.57, 84.98, 11.98, 17.09, 72.83], [12.57, 1.7, 19.07, 39.47, 70.27], [70.02, 21.42, 22.45, 5.19, 2.25], [13.48, 75.19, 34.03, 34.81, 34.54], [24.06, 94.14, 94.11, 93.25, 72.01], [65.16, 57.43, 40.94, 69.7, 53.23], [75.26, 73.4, 61.82, 48.72, 72.6], [75.36, 71.03, 15.55, 25.23, 67.19], [68.53, 59.19, 66.32, 92.31, 7.18], [51.05, 33.21, 1.98, 67.99, 4.82], [3.93, 26.05, 8.28, 73.07, 0.53], [64.85, 33.59, 98.19, 57.72, 66.79], [85.96, 22.34, 23.95, 80.4, 99.85], [50.05, 32.14, 98.68, 12.95, 10.19], [75.63, 65.26, 37.51, 33.71, 51.67], [89.24, 29.41, 53.91, 8.93, 64.97]]
Threshold: 85
From: [39.93, 71.74, 28.08, 8.27, 96.98]
BFS: [[39.93, 71.74, 28.08, 8.27, 96.98], [62.57, 84.98, 11.98, 17.09, 72.83], [75.36, 71.03, 15.55, 25.23, 67.19], [12.63, 62.62, 78.71, 0.74, 92.1], [75.63, 65.26, 37.51, 33.71, 51.67], [75.26, 73.4, 61.82, 48.72, 72.6], [13.48, 75.19, 34.03, 34.81, 34.54], [89.24, 29.41, 53.91, 8.93, 64.97], [65.16, 57.43, 40.94, 69.7, 53.23], [2.54, 73.8, 67.26, 62.52, 63.76], [13.06, 37.57, 55.07, 60.83, 54.94], [56.39, 64.43, 57.69, 47.54, 12.24], [85.96, 22.34, 23.95, 80.4, 99.85], [70.02, 21.42, 22.45, 5.19, 2.25], [38.77, 88.03, 39.66, 87.35, 32.99], [64.85, 33.59, 98.19, 57.72, 66.79], [51.05, 33.21, 1.98, 67.99, 4.82], [68.53, 59.19, 66.32, 92.31, 7.18], [31.36, 73.62, 90.74, 88.86, 94.83], [24.06, 94.14, 94.11, 93.25, 72.01], [3.93, 26.05, 8.28, 73.07, 0.53], [12.57, 1.7, 19.07, 39.47, 70.27], [50.05, 32.14, 98.68, 12.95, 10.19]]
Graph 19
Nodes: [[42.04, 92.59, 27.39, 6.0, 31.05], [71.82, 78.1, 53.87, 31.17, 91.63], [92.81, 43.65, 40.97, 61.32, 71.36], [62.01, 43.3, 44.19, 64.6, 91.79], [4.8, 8.96, 76.15, 45.97, 77.72], [53.94, 46.19, 95.42, 36.84, 64.7], [54.35, 11.1, 16.76, 81.72, 52.27], [67.89, 45.39, 84.98, 85.2, 43.05], [12.92, 83.09, 49.9, 55.67, 50.83], [3.69, 51.28, 9.59, 6.28, 82.75], [14.24, 72.15, 43.93, 50.27, 50.82], [16.72, 6.38, 63.79, 10.28, 6.5], [4.54, 60.35, 94.56, 54.07, 1.54], [58.05, 47.81, 68.76, 11.8, 67.4], [93.19, 21.8, 95.07, 60.41, 84.41], [20.79, 38.76, 87.24, 83.18, 58.85], [73.89, 56.96, 44.66, 30.74, 49.79], [51.73, 48.26, 1.05, 98.01, 99.03], [71.2, 18.36, 87.45, 25.05, 3.78], [18.45, 78.89, 87.0, 96.32, 80.46], [30.62, 55.37, 70.02, 5.55, 8.56], [71.4, 34.18, 9.27, 50.21, 9.14], [67.2, 8.42, 97.55, 82.27, 20.35], [15.34, 71.05, 23.48, 86.73, 75.27], [80.33, 38.27, 81.02, 92.05, 87.41], [28.64, 19.48, 9.96, 21.91, 60.74]]
Threshold: 85
From: [42.04, 92.59, 27.39, 6.0, 31.05]
BFS: [[42.04, 92.59, 27.39, 6.0, 31.05], [73.89, 56.96, 44.66, 30.74, 49.79], [14.24, 72.15, 43.93, 50.27, 50.82], [30.62, 55.37, 70.02, 5.55, 8.56], [12.92, 83.09, 49.9, 55.67, 50.83], [58.05, 47.81, 68.76, 11.8, 67.4], [71.82, 78.1, 53.87, 31.17, 91.63], [3.69, 51.28, 9.59, 6.28, 82.75], [28.64, 19.48, 9.96, 21.91, 60.74], [71.4, 34.18, 9.27, 50.21, 9.14], [92.81, 43.65, 40.97, 61.32, 71.36], [62.01, 43.3, 44.19, 64.6, 91.79], [53.94, 46.19, 95.42, 36.84, 64.7], [67.89, 45.39, 84.98, 85.2, 43.05], [71.2, 18.36, 87.45, 25.05, 3.78], [54.35, 11.1, 16.76, 81.72, 52.27], [93.19, 21.8, 95.07, 60.41, 84.41], [80.33, 38.27, 81.02, 92.05, 87.41], [15.34, 71.05, 23.48, 86.73, 75.27], [20.79, 38.76, 87.24, 83.18, 58.85], [18.45, 78.89, 87.0, 96.32, 80.46], [4.54, 60.35, 94.56, 54.07, 1.54], [4.8, 8.96, 76.15, 45.97, 77.72], [16.72, 6.38, 63.79, 10.28, 6.5], [51.73, 48.26, 1.05, 98.01, 99.03], [67.2, 8.42, 97.55, 82.27, 20.35]]
Graph 20
Nodes: [[28.01, 46.11, 12.17, 52.26, 40.92], [7.16, 9.9, 98.63, 69.41, 44.87], [64.02, 27.05, 30.19, 7.33, 5.26], [80.75, 81.33, 0.5, 33.01, 8.91], [46.79, 61.77, 55.1, 13.41, 70.24], [61.3, 46.74, 29.71, 91.84, 8.34], [14.48, 37.86, 25.92, 61.62, 69.46], [70.39, 77.39, 17.52, 74.63, 24.6], [53.6, 22.12, 81.22, 10.79, 43.08], [63.37, 69.74, 9.54, 98.41, 28.99], [44.64, 30.39, 3.99, 24.45, 32.7], [57.52, 6.96, 93.08, 19.88, 52.94], [35.62, 35.94, 91.11, 88.92, 61.04], [27.98, 15.48, 46.53, 16.97, 49.7], [7.06, 1.68, 53.15, 39.24, 99.64], [37.45, 53.26, 38.97, 77.37, 37.75], [25.71, 45.71, 80.34, 52.2, 67.88], [60.22, 23.53, 48.17, 38.9, 79.69], [26.9, 81.31, 35.77, 33.14, 91.96], [87.01, 54.04, 82.54, 86.7, 76.94], [58.59, 73.8, 5.51, 32.72, 52.15], [12.36, 20.76, 18.04, 24.0, 37.13], [28.97, 92.58, 2.47, 56.55, 63.24], [69.01, 31.74, 98.68, 60.15, 70.34]]
Threshold: 85
From: [28.01, 46.11, 12.17, 52.26, 40.92]
BFS: [[28.01, 46.11, 12.17, 52.26, 40.92], [14.48, 37.86, 25.92, 61.62, 69.46], [44.64, 30.39, 3.99, 24.45, 32.7], [37.45, 53.26, 38.97, 77.37, 37.75], [12.36, 20.76, 18.04, 24.0, 37.13], [58.59, 73.8, 5.51, 32.72, 52.15], [28.97, 92.58, 2.47, 56.55, 63.24], [27.98, 15.48, 46.53, 16.97, 49.7], [70.39, 77.39, 17.52, 74.63, 24.6], [61.3, 46.74, 29.71, 91.84, 8.34], [63.37, 69.74, 9.54, 98.41, 28.99], [60.22, 23.53, 48.17, 38.9, 79.69], [26.9, 81.31, 35.77, 33.14, 91.96], [46.79, 61.77, 55.1, 13.41, 70.24], [64.02, 27.05, 30.19, 7.33, 5.26], [25.71, 45.71, 80.34, 52.2, 67.88], [80.75, 81.33, 0.5, 33.01, 8.91], [7.06, 1.68, 53.15, 39.24, 99.64], [35.62, 35.94, 91.11, 88.92, 61.04], [7.16, 9.9, 98.63, 69.41, 44.87], [53.6, 22.12, 81.22, 10.79, 43.08], [87.01, 54.04, 82.54, 86.7, 76.94], [69.01, 31.74, 98.68, 60.15, 70.34], [57.52, 6.96, 93.08, 19.88, 52.94]]
Graph 21
