Graph 0
Nodes: [[63.7, 26.98, 4.1, 1.65, 81.33], [91.28, 60.66, 72.95, 54.36, 93.51], [81.59, 0.27, 85.74, 3.36, 72.97], [17.57, 86.32, 54.15, 29.97, 42.27], [2.83, 12.43, 67.06, 64.72, 61.54], [38.37, 99.72, 98.08, 68.55, 65.05], [68.84, 38.89, 13.51, 72.15, 52.54], [31.02, 48.58, 88.95, 93.4, 35.78]]
Threshold: 85
From: [63.7, 26.98, 4.1, 1.65, 81.33]
BFS: [[63.7, 26.98, 4.1, 1.65, 81.33], [68.84, 38.89, 13.51, 72.15, 52.54], [91.28, 60.66, 72.95, 54.36, 93.51], [38.37, 99.72, 98.08, 68.55, 65.05], [81.59, 0.27, 85.74, 3.36, 72.97], [31.02, 48.58, 88.95, 93.4, 35.78], [17.57, 86.32, 54.15, 29.97, 42.27], [2.83, 12.43, 67.06, 64.72, 61.54]]
Graph 1
Nodes: [[51.18, 95.05, 14.42, 94.86, 31.18], [42.33, 82.77, 40.92, 54.96, 2.76], [75.35, 53.81, 32.97, 78.84, 30.32], [45.35, 13.4, 40.31, 20.35, 26.23], [75.04, 28.04, 48.52, 98.07, 96.17], [72.48, 54.12, 27.69, 16.07, 96.99], [51.61, 11.59, 62.35, 77.67, 61.3], [91.73, 3.96, 52.86, 45.93, 6.23], [64.13, 85.26, 59.29, 26.01, 83.99]]
Threshold: 85
From: [51.18, 95.05, 14.42, 94.86, 31.18]
BFS: [[51.18, 95.05, 14.42, 94.86, 31.18], [75.35, 53.81, 32.97, 78.84, 30.32], [42.33, 82.77, 40.92, 54.96, 2.76], [51.61, 11.59, 62.35, 77.67, 61.3], [91.73, 3.96, 52.86, 45.93, 6.23], [75.04, 28.04, 48.52, 98.07, 96.17], [45.35, 13.4, 40.31, 20.35, 26.23]]
Graph 2
Nodes: [[26.16, 29.85, 81.42, 9.19, 60.01], [72.86, 18.79, 5.51, 27.5, 65.74], [56.23, 15.01, 43.26, 66.93, 42.28], [63.32, 96.74, 68.31, 39.16, 18.73], [34.6, 51.11, 89.12, 77.56, 31.81], [92.42, 47.09, 69.38, 10.72, 10.45]]
Threshold: 85
From: [26.16, 29.85, 81.42, 9.19, 60.01]
BFS: [[26.16, 29.85, 81.42, 9.19, 60.01], [34.6, 51.11, 89.12, 77.56, 31.81], [56.23, 15.01, 43.26, 66.93, 42.28], [63.32, 96.74, 68.31, 39.16, 18.73], [72.86, 18.79, 5.51, 27.5, 65.74], [92.42, 47.09, 69.38, 10.72, 10.45]]
Graph 3
Nodes: [[8.56, 23.68, 80.13, 58.22, 9.41], [43.31, 47.91, 15.97, 73.46, 11.37], [39.12, 51.67, 43.06, 58.68, 73.78], [95.63, 28.42, 64.85, 69.62, 29.27], [0.15, 97.35, 29.84, 31.4, 89.17]]
Threshold: 85
From: [8.56, 23.68, 80.13, 58.22, 9.41]
BFS: [[8.56, 23.68, 80.13, 58.22, 9.41], [43.31, 47.91, 15.97, 73.46, 11.37], [39.12, 51.67, 43.06, 58.68, 73.78], [95.63, 28.42, 64.85, 69.62, 29.27], [0.15, 97.35, 29.84, 31.4, 89.17]]
Graph 4
Nodes: [[94.31, 51.13, 97.62, 8.08, 60.74], [37.65, 80.19, 17.45, 87.16, 54.39], [90.22, 47.72, 43.05, 78.89, 98.42], [36.97, 96.89, 92.9, 17.77, 60.89], [70.49, 94.28, 66.57, 13.34, 49.79], [49.36, 50.02, 95.86, 34.99, 22.38], [52.21, 64.12, 93.91, 58.2, 26.78], [92.98, 49.17, 67.58, 47.6, 21.7]]
Threshold: 85
From: [94.31, 51.13, 97.62, 8.08, 60.74]
BFS: [[94.31, 51.13, 97.62, 8.08, 60.74], [70.49, 94.28, 66.57, 13.34, 49.79], [92.98, 49.17, 67.58, 47.6, 21.7], [49.36, 50.02, 95.86, 34.99, 22.38], [36.97, 96.89, 92.9, 17.77, 60.89], [52.21, 64.12, 93.91, 58.2, 26.78]]
Graph 5
Nodes: [[80.5, 80.79, 51.53, 28.58, 5.39], [38.34, 40.85, 4.53, 4.88, 99.92], [65.24, 23.45, 43.49, 97.42, 89.77], [84.42, 39.24, 49.3, 67.67, 6.08], [55.56, 27.15, 87.97, 6.42, 67.92], [87.01, 22.73, 89.54, 87.22, 1.85], [70.75, 0.12, 50.34, 43.67, 20.33], [32.49, 80.62, 31.65, 14.9, 69.85], [44.85, 79.89, 23.55, 31.98, 79.99]]
Threshold: 85
From: [80.5, 80.79, 51.53, 28.58, 5.39]
BFS: [[80.5, 80.79, 51.53, 28.58, 5.39], [84.42, 39.24, 49.3, 67.67, 6.08], [32.49, 80.62, 31.65, 14.9, 69.85], [70.75, 0.12, 50.34, 43.67, 20.33], [87.01, 22.73, 89.54, 87.22, 1.85], [44.85, 79.89, 23.55, 31.98, 79.99], [38.34, 40.85, 4.53, 4.88, 99.92], [55.56, 27.15, 87.97, 6.42, 67.92]]
Graph 6
Nodes: [[53.82, 34.33, 36.91, 37.45, 98.74], [63.28, 67.43, 33.0, 67.99, 12.3], [5.17, 85.02, 0.89, 97.88, 82.7], [78.52, 4.81, 20.74, 84.99, 43.25], [62.75, 12.23, 18.63, 49.73, 75.95], [53.99, 10.69, 86.62, 13.97, 43.97], [58.68, 31.91, 41.81, 88.7, 45.41], [53.92, 97.05, 27.6, 89.48, 36.19], [31.2, 88.13, 6.55, 86.67, 82.78]]
Threshold: 85
From: [53.82, 34.33, 36.91, 37.45, 98.74]
BFS: [[53.82, 34.33, 36.91, 37.45, 98.74], [62.75, 12.23, 18.63, 49.73, 75.95], [58.68, 31.91, 41.81, 88.7, 45.41], [53.99, 10.69, 86.62, 13.97, 43.97], [31.2, 88.13, 6.55, 86.67, 82.78], [78.52, 4.81, 20.74, 84.99, 43.25], [63.28, 67.43, 33.0, 67.99, 12.3], [53.92, 97.05, 27.6, 89.48, 36.19], [5.17, 85.02, 0.89, 97.88, 82.7]]
Graph 7
Nodes: [[62.51, 89.72, 77.57, 22.52, 30.02], [87.36, 0.53, 82.12, 79.71, 46.79], [30.3, 27.84, 25.49, 44.51, 50.45], [55.35, 99.55, 79.27, 62.22, 98.9], [21.53, 16.02, 61.25, 4.39, 3.57], [51.49, 46.62, 91.72, 62.92, 51.41], [49.69, 24.75, 1.18, 19.24, 69.2], [20.06, 36.95, 0.37, 83.0, 15.45]]
Threshold: 85
From: [62.51, 89.72, 77.57, 22.52, 30.02]
BFS: [[62.51, 89.72, 77.57, 22.52, 30.02], [51.49, 46.62, 91.72, 62.92, 51.41], [55.35, 99.55, 79.27, 62.22, 98.9], [87.36, 0.53, 82.12, 79.71, 46.79], [30.3, 27.84, 25.49, 44.51, 50.45], [49.69, 24.75, 1.18, 19.24, 69.2], [20.06, 36.95, 0.37, 83.0, 15.45], [21.53, 16.02, 61.25, 4.39, 3.57]]
Graph 8
Nodes: [[32.7, 98.73, 31.87, 78.85, 86.99], [39.11, 43.79, 37.27, 10.7, 47.9], [24.14, 25.71, 18.47, 19.39, 81.38], [42.3, 25.59, 59.09, 60.43, 64.69], [91.14, 15.02, 37.14, 28.46, 1.68], [18.16, 39.47, 39.33, 61.67, 45.23], [60.73, 22.31, 13.4, 32.93, 9.61], [36.58, 46.02, 71.9, 86.7, 5.18], [95.61, 72.01, 98.88, 11.88, 37.5]]
Threshold: 85
From: [32.7, 98.73, 31.87, 78.85, 86.99]
BFS: [[32.7, 98.73, 31.87, 78.85, 86.99], [18.16, 39.47, 39.33, 61.67, 45.23], [42.3, 25.59, 59.09, 60.43, 64.69], [39.11, 43.79, 37.27, 10.7, 47.9], [36.58, 46.02, 71.9, 86.7, 5.18], [24.14, 25.71, 18.47, 19.39, 81.38], [60.73, 22.31, 13.4, 32.93, 9.61], [91.14, 15.02, 37.14, 28.46, 1.68]]
Graph 9
Nodes: [[87.02, 28.68, 60.31, 77.75, 71.61], [91.54, 86.04, 91.82, 2.66, 43.72], [48.49, 6.52, 0.56, 83.06, 98.33], [78.46, 31.56, 70.53, 29.92, 74.07], [27.97, 78.26, 98.77, 98.62, 88.29], [91.28, 70.82, 55.45, 92.32, 8.97], [37.01, 60.59, 47.77, 79.29, 19.51]]
Threshold: 85
From: [87.02, 28.68, 60.31, 77.75, 71.61]
BFS: [[87.02, 28.68, 60.31, 77.75, 71.61], [78.46, 31.56, 70.53, 29.92, 74.07], [91.28, 70.82, 55.45, 92.32, 8.97], [48.49, 6.52, 0.56, 83.06, 98.33], [37.01, 60.59, 47.77, 79.29, 19.51], [91.54, 86.04, 91.82, 2.66, 43.72]]
Graph 10
Nodes: [[95.6, 20.77, 82.84, 14.93, 51.28], [13.59, 68.9, 84.17, 42.55, 95.69], [82.53, 33.82, 57.58, 75.33, 82.71], [93.34, 14.5, 74.56, 13.94, 90.65], [22.61, 85.32, 30.63, 96.98, 51.78], [32.25, 28.24, 60.59, 33.38, 67.86], [15.44, 24.98, 86.99, 60.04, 26.2]]
Threshold: 85
From: [95.6, 20.77, 82.84, 14.93, 51.28]
BFS: [[95.6, 20.77, 82.84, 14.93, 51.28], [93.34, 14.5, 74.56, 13.94, 90.65], [32.25, 28.24, 60.59, 33.38, 67.86], [82.53, 33.82, 57.58, 75.33, 82.71], [13.59, 68.9, 84.17, 42.55, 95.69], [15.44, 24.98, 86.99, 60.04, 26.2]]
Graph 11
Nodes: [[12.86, 49.93, 60.15, 2.87, 14.79], [92.82, 7.04, 12.98, 94.83, 62.19], [36.9, 51.14, 66.28, 27.53, 13.8], [78.8, 67.04, 51.24, 81.67, 54.91], [98.09, 20.45, 55.37, 48.36, 35.33], [59.16, 23.53, 80.22, 86.73, 12.88], [46.71, 27.71, 8.31, 89.59, 42.99], [14.77, 67.34, 20.22, 90.14, 21.71], [3.31, 20.08, 34.57, 46.89, 90.61]]
Threshold: 85
From: [12.86, 49.93, 60.15, 2.87, 14.79]
BFS: [[12.86, 49.93, 60.15, 2.87, 14.79], [36.9, 51.14, 66.28, 27.53, 13.8], [59.16, 23.53, 80.22, 86.73, 12.88], [98.09, 20.45, 55.37, 48.36, 35.33], [78.8, 67.04, 51.24, 81.67, 54.91], [14.77, 67.34, 20.22, 90.14, 21.71], [46.71, 27.71, 8.31, 89.59, 42.99], [92.82, 7.04, 12.98, 94.83, 62.19], [3.31, 20.08, 34.57, 46.89, 90.61]]
Graph 12
Nodes: [[25.08, 94.68, 18.93, 17.93, 34.99], [23.05, 67.04, 11.51, 89.63, 85.81], [0.28, 54.15, 10.69, 25.8, 41.69], [45.36, 46.81, 92.75, 25.88, 18.79], [67.05, 94.66, 92.28, 88.02, 6.44]]
Threshold: 85
From: [25.08, 94.68, 18.93, 17.93, 34.99]
BFS: [[25.08, 94.68, 18.93, 17.93, 34.99], [0.28, 54.15, 10.69, 25.8, 41.69], [23.05, 67.04, 11.51, 89.63, 85.81]]
Graph 13
Nodes: [[86.48, 85.53, 81.1, 26.14, 7.72], [94.65, 61.38, 0.26, 91.04, 98.48], [28.63, 81.37, 8.24, 43.83, 81.77], [40.87, 51.77, 11.7, 81.4, 49.79], [24.83, 77.67, 97.92, 53.83, 73.72], [99.28, 3.01, 59.9, 96.73, 11.73], [22.31, 55.02, 72.23, 55.28, 54.77]]
Threshold: 85
From: [86.48, 85.53, 81.1, 26.14, 7.72]
BFS: [[86.48, 85.53, 81.1, 26.14, 7.72]]
Graph 14
Nodes: [[83.1, 36.09, 70.27, 86.01, 64.13], [54.84, 76.23, 71.63, 46.72, 57.25], [74.63, 6.36, 64.69, 73.61, 39.88], [50.72, 22.87, 65.02, 97.13, 29.87], [46.28, 89.16, 55.14, 42.15, 66.83], [3.08, 15.38, 87.13, 15.82, 2.95], [92.64, 75.28, 97.74, 75.97, 92.28], [34.44, 75.46, 16.44, 82.39, 73.23], [19.13, 18.4, 16.87, 81.89, 66.43]]
Threshold: 85
From: [83.1, 36.09, 70.27, 86.01, 64.13]
BFS: [[83.1, 36.09, 70.27, 86.01, 64.13], [74.63, 6.36, 64.69, 73.61, 39.88], [50.72, 22.87, 65.02, 97.13, 29.87], [92.64, 75.28, 97.74, 75.97, 92.28], [54.84, 76.23, 71.63, 46.72, 57.25], [46.28, 89.16, 55.14, 42.15, 66.83], [34.44, 75.46, 16.44, 82.39, 73.23], [19.13, 18.4, 16.87, 81.89, 66.43]]
Graph 15
Nodes: [[69.27, 81.58, 34.44, 4.48, 57.16], [14.62, 71.88, 34.54, 45.7, 97.59], [78.15, 84.38, 55.51, 94.16, 1.83], [88.92, 38.98, 23.17, 53.44, 94.47], [33.1, 90.86, 46.73, 96.73, 76.42], [78.34, 36.15, 58.78, 24.85, 80.01]]
Threshold: 85
From: [69.27, 81.58, 34.44, 4.48, 57.16]
BFS: [[69.27, 81.58, 34.44, 4.48, 57.16], [78.34, 36.15, 58.78, 24.85, 80.01], [88.92, 38.98, 23.17, 53.44, 94.47], [14.62, 71.88, 34.54, 45.7, 97.59], [33.1, 90.86, 46.73, 96.73, 76.42]]
Graph 16
Nodes: [[56.69, 43.07, 9.41, 34.81, 62.15], [2.17, 87.46, 85.4, 4.43, 80.24], [18.48, 69.56, 15.5, 69.16, 95.86], [98.5, 66.33, 16.36, 39.49, 27.8], [95.57, 29.93, 56.11, 40.74, 13.87], [38.47, 76.94, 41.36, 67.93, 58.19], [7.65, 72.99, 67.4, 80.19, 14.89], [97.45, 86.77, 90.31, 96.19, 62.12]]
Threshold: 85
From: [56.69, 43.07, 9.41, 34.81, 62.15]
BFS: [[56.69, 43.07, 9.41, 34.81, 62.15], [98.5, 66.33, 16.36, 39.49, 27.8], [38.47, 76.94, 41.36, 67.93, 58.19], [18.48, 69.56, 15.5, 69.16, 95.86], [95.57, 29.93, 56.11, 40.74, 13.87], [7.65, 72.99, 67.4, 80.19, 14.89], [97.45, 86.77, 90.31, 96.19, 62.12]]
Graph 17
Nodes: [[84.51, 16.1, 55.77, 36.81, 21.49], [38.58, 42.82, 61.13, 73.64, 1.53], [25.4, 60.41, 8.37, 99.78, 83.23], [3.68, 56.75, 60.93, 0.69, 17.91], [16.49, 46.2, 56.7, 45.19, 91.98], [81.49, 40.12, 20.32, 35.83, 86.2], [34.88, 99.11, 56.58, 23.68, 65.87], [66.02, 51.46, 27.91, 62.99, 47.92], [65.33, 54.22, 12.12, 90.87, 1.72]]
Threshold: 85
From: [84.51, 16.1, 55.77, 36.81, 21.49]
BFS: [[84.51, 16.1, 55.77, 36.81, 21.49], [66.02, 51.46, 27.91, 62.99, 47.92], [38.58, 42.82, 61.13, 73.64, 1.53], [81.49, 40.12, 20.32, 35.83, 86.2], [65.33, 54.22, 12.12, 90.87, 1.72], [25.4, 60.41, 8.37, 99.78, 83.23], [16.49, 46.2, 56.7, 45.19, 91.98], [34.88, 99.11, 56.58, 23.68, 65.87], [3.68, 56.75, 60.93, 0.69, 17.91]]
Graph 18
Nodes: [[39.93, 71.74, 28.08, 8.27, 96.98], [56.39, 64.43, 57.69, 47.54, 12.24], [31.36, 73.62, 90.74, 88.86, 94.83], [2.54, 73.8, 67.26, 62.52, 63.76], [12.63, 62.62, 78.71, 0.74, 92.1], [13.06, 37.57, 55.07, 60.83, 54.94], [38.77, 88.03, 39.66, 87.35, 32.99]]
Threshold: 85
From: [39.93, 71.74, 28.08, 8.27, 96.98]
BFS: [[39.93, 71.74, 28.08, 8.27, 96.98], [12.63, 62.62, 78.71, 0.74, 92.1], [2.54, 73.8, 67.26, 62.52, 63.76], [13.06, 37.57, 55.07, 60.83, 54.94], [31.36, 73.62, 90.74, 88.86, 94.83], [38.77, 88.03, 39.66, 87.35, 32.99], [56.39, 64.43, 57.69, 47.54, 12.24]]
Graph 19
Nodes: [[42.04, 92.59, 27.39, 6.0, 31.05], [71.82, 78.1, 53.87, 31.17, 91.63], [92.81, 43.65, 40.97, 61.32, 71.36], [62.01, 43.3, 44.19, 64.6, 91.79], [4.8, 8.96, 76.15, 45.97, 77.72], [53.94, 46.19, 95.42, 36.84, 64.7], [54.35, 11.1, 16.76, 81.72, 52.27], [67.89, 45.39, 84.98, 85.2, 43.05]]
Threshold: 85
From: [42.04, 92.59, 27.39, 6.0, 31.05]
BFS: [[42.04, 92.59, 27.39, 6.0, 31.05], [71.82, 78.1, 53.87, 31.17, 91.63], [62.01, 43.3, 44.19, 64.6, 91.79], [92.81, 43.65, 40.97, 61.32, 71.36], [53.94, 46.19, 95.42, 36.84, 64.7], [54.35, 11.1, 16.76, 81.72, 52.27], [67.89, 45.39, 84.98, 85.2, 43.05], [4.8, 8.96, 76.15, 45.97, 77.72]]
Graph 20
Nodes: [[28.01, 46.11, 12.17, 52.26, 40.92], [7.16, 9.9, 98.63, 69.41, 44.87], [64.02, 27.05, 30.19, 7.33, 5.26], [80.75, 81.33, 0.5, 33.01, 8.91], [46.79, 61.77, 55.1, 13.41, 70.24], [61.3, 46.74, 29.71, 91.84, 8.34], [14.48, 37.86, 25.92, 61.62, 69.46]]
Threshold: 85
From: [28.01, 46.11, 12.17, 52.26, 40.92]
BFS: [[28.01, 46.11, 12.17, 52.26, 40.92], [14.48, 37.86, 25.92, 61.62, 69.46], [61.3, 46.74, 29.71, 91.84, 8.34], [46.79, 61.77, 55.1, 13.41, 70.24], [64.02, 27.05, 30.19, 7.33, 5.26], [80.75, 81.33, 0.5, 33.01, 8.91], [7.16, 9.9, 98.63, 69.41, 44.87]]
Graph 21
Nodes: [[78.11, 60.58, 70.98, 8.91, 63.07], [98.08, 42.34, 11.24, 95.83, 67.6], [19.72, 67.21, 99.27, 20.95, 85.39], [69.89, 22.17, 18.48, 95.42, 34.04], [44.14, 65.61, 44.03, 0.03, 26.03]]
Threshold: 85
From: [78.11, 60.58, 70.98, 8.91, 63.07]
BFS: [[78.11, 60.58, 70.98, 8.91, 63.07], [44.14, 65.61, 44.03, 0.03, 26.03], [19.72, 67.21, 99.27, 20.95, 85.39]]
Graph 22
Nodes: [[36.63, 19.93, 8.86, 65.32, 45.93], [98.77, 85.16, 83.7, 5.14, 55.53], [60.75, 5.01, 47.73, 32.96, 21.65], [79.7, 42.09, 10.32, 36.91, 91.48], [38.96, 18.73, 6.67, 51.22, 66.76]]
Threshold: 85
From: [36.63, 19.93, 8.86, 65.32, 45.93]
BFS: [[36.63, 19.93, 8.86, 65.32, 45.93], [38.96, 18.73, 6.67, 51.22, 66.76], [60.75, 5.01, 47.73, 32.96, 21.65], [79.7, 42.09, 10.32, 36.91, 91.48]]
Graph 23
Nodes: [[69.39, 64.15, 12.86, 11.37, 65.33], [85.35, 20.18, 21.8, 71.66, 47.07], [41.52, 34.91, 6.39, 45.47, 30.15], [38.91, 54.03, 68.36, 62.48, 74.27], [1.82, 65.43, 54.21, 85.13, 93.9], [1.28, 82.83, 25.33, 62.47, 76.44], [84.7, 94.06, 63.47, 85.92, 49.77], [23.34, 16.01, 49.79, 74.54, 44.93], [68.13, 12.53, 97.17, 47.39, 82.68]]
Threshold: 85
From: [69.39, 64.15, 12.86, 11.37, 65.33]
BFS: [[69.39, 64.15, 12.86, 11.37, 65.33], [41.52, 34.91, 6.39, 45.47, 30.15], [85.35, 20.18, 21.8, 71.66, 47.07], [38.91, 54.03, 68.36, 62.48, 74.27], [23.34, 16.01, 49.79, 74.54, 44.93], [1.28, 82.83, 25.33, 62.47, 76.44], [1.82, 65.43, 54.21, 85.13, 93.9], [68.13, 12.53, 97.17, 47.39, 82.68], [84.7, 94.06, 63.47, 85.92, 49.77]]
Graph 24
Nodes: [[33.03, 40.52, 57.47, 50.64, 56.42], [56.97, 87.41, 8.64, 74.25, 82.04], [71.22, 40.99, 94.3, 3.09, 80.29], [60.2, 4.11, 33.24, 37.83, 17.6], [64.26, 43.92, 71.58, 37.14, 5.42], [71.57, 73.3, 8.21, 46.55, 45.52], [91.49, 59.77, 30.74, 88.06, 32.37], [72.64, 18.86, 21.51, 14.57, 82.08], [19.17, 26.49, 20.26, 80.29, 50.2]]
Threshold: 85
From: [33.03, 40.52, 57.47, 50.64, 56.42]
BFS: [[33.03, 40.52, 57.47, 50.64, 56.42], [19.17, 26.49, 20.26, 80.29, 50.2], [64.26, 43.92, 71.58, 37.14, 5.42], [60.2, 4.11, 33.24, 37.83, 17.6], [71.57, 73.3, 8.21, 46.55, 45.52], [72.64, 18.86, 21.51, 14.57, 82.08], [71.22, 40.99, 94.3, 3.09, 80.29], [56.97, 87.41, 8.64, 74.25, 82.04], [91.49, 59.77, 30.74, 88.06, 32.37]]
Graph 25
Nodes: [[16.07, 0.03, 21.66, 36.8, 0.2], [19.31, 99.09, 78.69, 12.13, 22.58], [76.68, 91.68, 35.38, 78.57, 14.67], [54.17, 59.69, 78.99, 27.86, 41.36], [37.61, 13.79, 67.59, 55.74, 50.62], [62.64, 60.53, 7.32, 29.98, 40.33]]
Threshold: 85
From: [16.07, 0.03, 21.66, 36.8, 0.2]
BFS: [[16.07, 0.03, 21.66, 36.8, 0.2], [37.61, 13.79, 67.59, 55.74, 50.62], [54.17, 59.69, 78.99, 27.86, 41.36], [62.64, 60.53, 7.32, 29.98, 40.33], [19.31, 99.09, 78.69, 12.13, 22.58], [76.68, 91.68, 35.38, 78.57, 14.67]]
Graph 26
Nodes: [[49.16, 23.44, 6.76, 71.29, 81.31], [54.83, 63.43, 16.92, 55.43, 17.58], [50.66, 34.2, 96.24, 51.98, 20.24], [25.73, 55.04, 84.82, 33.72, 90.44], [24.03, 91.73, 72.9, 93.2, 95.07], [16.01, 70.21, 23.98, 61.38, 25.55]]
Threshold: 85
From: [49.16, 23.44, 6.76, 71.29, 81.31]
BFS: [[49.16, 23.44, 6.76, 71.29, 81.31], [54.83, 63.43, 16.92, 55.43, 17.58], [16.01, 70.21, 23.98, 61.38, 25.55], [50.66, 34.2, 96.24, 51.98, 20.24], [25.73, 55.04, 84.82, 33.72, 90.44], [24.03, 91.73, 72.9, 93.2, 95.07]]
Graph 27
Nodes: [[69.77, 31.38, 12.12, 32.36, 93.12], [78.97, 1.0, 19.89, 29.31, 94.34], [40.34, 18.18, 86.04, 90.71, 30.17], [35.52, 75.36, 26.83, 78.94, 45.08], [64.71, 89.52, 2.93, 34.49, 77.04]]
Threshold: 85
From: [69.77, 31.38, 12.12, 32.36, 93.12]
BFS: [[69.77, 31.38, 12.12, 32.36, 93.12], [78.97, 1.0, 19.89, 29.31, 94.34], [64.71, 89.52, 2.93, 34.49, 77.04], [35.52, 75.36, 26.83, 78.94, 45.08], [40.34, 18.18, 86.04, 90.71, 30.17]]
Graph 28
Nodes: [[85.18, 88.49, 76.57, 3.22, 5.02], [32.94, 87.6, 95.09, 53.26, 78.51], [32.93, 81.81, 81.67, 7.27, 96.26], [34.37, 17.75, 51.98, 62.21, 1.68], [14.87, 34.41, 22.18, 60.31, 8.56], [73.48, 47.85, 29.38, 96.98, 98.52]]
Threshold: 85
From: [85.18, 88.49, 76.57, 3.22, 5.02]
BFS: [[85.18, 88.49, 76.57, 3.22, 5.02]]
Graph 29
Nodes: [[5.0, 50.63, 51.92, 26.52, 12.92], [2.07, 39.38, 38.02, 2.35, 23.82], [78.81, 61.76, 98.28, 86.11, 63.14], [18.65, 84.19, 42.13, 2.84, 95.22], [94.38, 32.18, 49.34, 27.28, 76.08]]
Threshold: 85
From: [5.0, 50.63, 51.92, 26.52, 12.92]
BFS: [[5.0, 50.63, 51.92, 26.52, 12.92], [2.07, 39.38, 38.02, 2.35, 23.82]]
